pos      val_*      val_A      val_C      val_D      val_E      val_F      val_G      val_H      val_I      val_K      val_L      val_M      val_N      val_P      val_Q      val_R      val_S      val_T      val_V      val_W      val_Y
   0  -0.340030   0.000000  -0.351025  -0.297665  -0.217872  -0.251740  -0.328051  -0.006567  -0.131704  -0.370835  -0.236509   1.328010  -0.375816  -0.130416  -0.581021   0.019258  -0.181055  -0.107300  -0.088852   1.096715  -0.375008
   1   0.260064   0.000000   0.018823   0.007593   0.113959  -0.004282   0.356328  -0.018213  -0.163811   0.000000   0.042941   0.000000   0.185027   0.047670   0.000000   0.023502  -0.013344  -0.356165   0.360758   0.473421   0.189564
   2   0.000000  -0.042808  -0.016272  -0.240591   0.219165   0.189187  -0.003454   3.480195   0.946043  -0.005863  -0.017694   0.131690   0.728043   0.071064  -0.050998   0.090953  -0.058851   0.129722   0.294594   0.324706  -0.185777
   3  -0.391392   0.209959   0.331761   0.175032   0.000000   2.069755   0.641108  -0.264160  -0.332801  -0.330978  -0.396936  -0.792916  -0.143676  -0.176225  -0.055015   0.432878   0.152783   0.029487  -0.376103   0.136440  -0.114233
   4   0.013815   0.024677   5.892047  -0.062932   0.177506  -0.492745  -0.145931   2.957412  -0.234964  -0.024582  -0.179462   0.000000  -0.045854  -0.333442   0.651965  -0.104555   0.100715  -0.183219  -0.146099  -0.026472   0.690256
   5   0.752958   0.000000  -0.491804  -0.342070   0.096429  -0.326684  -0.269853  -0.185410  -0.357966   0.603765   0.102407   0.000000  -0.250354  -0.311221   3.182341   0.689873  -0.161713  -0.291206  -0.370584   0.000000   0.008784
   6  -0.390697  -0.048156  -0.345562   0.212071   0.034777   1.802792  -0.241501   0.063409  -0.276006   0.000000  -0.302539  -0.262113  -0.257575   0.173706  -0.081425  -0.148564  -0.315654  -0.171030  -0.102145  -0.539704  -0.349786
   7  -0.012581  -0.267885  -0.286975  -0.297909  -0.613197  -0.197535  -0.225452  -0.082554  -0.365032  -0.270602   0.170441  -0.350389  -0.374297  -0.285642   0.000000  -0.234020  -0.319117   0.000000  -0.463131  -0.698089  -0.467911
   8   0.340320  -0.200009  -0.398942  -0.294352  -0.526744   0.047976   0.023465   0.077893   0.042811   0.254327   0.015921   0.111615   0.009799   0.195593   0.807602   0.653707   0.000000   0.021170   0.028542   0.144561  -0.344360
   9  -0.298788   0.070269  -0.460994  -0.234717   0.642723   0.074137   0.123764  -0.042347  -0.263076   1.456396   0.004719   3.437339   0.140811  -0.229200   0.770276  -0.020022   0.000000   0.314076  -0.192158  -0.139763   0.243386
  10   0.009066  -0.394217  -0.373626  -0.338191  -0.372049  -0.294909   0.000000  -0.417152  -0.474737   1.184271  -0.276677  -0.328175  -0.339467   0.156070  -0.380368  -0.343105  -0.385409  -0.323288  -0.370782   0.049046  -0.271767
  11  -0.369083   0.232125   0.776780  -0.409608  -0.260689  -0.131811  -0.225311  -0.064482  -0.419789  -0.477994  -0.397623  -0.183986  -0.232079  -0.302572   0.000000   0.213810   0.113778  -0.246575  -0.143212   0.435139   0.425227
  12  -0.146672   0.108456  -0.421027  -0.214258  -0.066790  -0.176838  -0.388492  -0.055945  -0.108334   2.261460  -0.148751   1.339503  -0.137089   0.163848   0.121731   0.000000  -0.166843   0.057717   0.042969  -0.309634  -0.224068
  13  -0.352741   0.167976  -0.322547  -0.323076  -0.116711  -0.340525  -0.106463  -0.285459   0.498315  -0.127402  -0.254198  -0.062051  -0.276148   0.150644  -0.250944  -0.430385  -0.217592   0.008560   0.197342  -0.229030   0.000000
  14  -0.229384  -0.223882  -0.375524  -0.263670   0.357020   0.000000  -0.307634  -0.053989  -0.248206  -0.903563  -0.293946  -0.568558   0.269735   0.330725   0.902377  -0.115782  -0.189803  -0.331883  -0.354540  -0.361936   0.015642
  15   0.043801  -0.316649   0.415768   0.144648  -0.283789  -0.201308  -0.188547  -0.149253   0.124270   0.937980   0.000000  -0.173191   0.346005  -0.206145  -0.265804  -0.207494  -0.104886  -0.208015  -0.185528  -0.133810   1.305373
  16  -0.399258  -0.114684  -0.372198  -0.241632  -0.210888  -0.143822  -0.421087  -0.403872  -0.291560  -0.358595  -0.304862  -0.151698   0.000000   0.150385  -0.125133  -0.276452  -0.289028  -0.249498  -0.314238   0.000000  -0.426806
  17  -0.299412  -0.202500  -0.535604  -0.372910  -0.264175  -0.430756  -0.346007   0.000000  -0.181965  -0.282708  -0.320433   2.073971  -0.368574  -0.308679  -0.409265  -0.335917  -0.190822  -0.065684  -0.334271  -0.938400  -0.354566
  18   0.344656  -0.225754  -0.374439   0.017901   2.041942  -0.185028  -0.338650   0.215650   0.000000   0.175810  -0.054630   1.233171   0.317285  -0.126985   0.124166  -0.035094  -0.138419  -0.031345  -0.166343  -0.783017  -0.158627
  19  -0.096559   0.392365   0.194346   0.000000   0.147899  -0.133474   0.046277   0.363329  -0.213842   0.737591  -0.084513   2.215585   0.395478   0.423484   0.484683   1.063353   0.105113   0.099602  -0.124943   0.038518  -0.093738
  20  -0.326455  -0.089007   4.105879  -0.147369  -0.365528   0.198059  -0.029086   0.101036   1.610870   0.635062  -0.328814  -0.134427  -0.098439  -0.225797   0.000000   0.710689  -0.198710   0.955090  -0.475918   0.333755  -0.261796
  21   0.226048  -0.285774  -0.276445  -0.437235  -0.291652  -0.133881  -0.245296   0.012938  -0.279143  -0.312007  -0.231334  -0.049456  -0.255309  -0.213960   0.034687   0.131892   0.123109   0.000000   0.018699   0.000000  -0.041277
  22   2.113108  -0.329182  -0.380830  -0.455483   0.788262  -0.212378  -0.356897  -0.030339  -0.311275  -0.184491  -0.107637  -0.264182  -0.381813  -0.306437  -0.024469  -0.117316  -0.259495   0.000000  -0.594171  -1.647809   0.063866
  23  -0.316502  -0.313612   0.311792  -0.313716  -0.420036   1.036804  -0.206497   0.002511  -0.407686  -0.328358  -0.506791  -0.355133  -0.279751  -0.285268   0.216914  -0.284373  -0.231192   0.000000  -0.376468  -0.350367  -0.284165
  24  -0.412314   0.090346  -0.377560   0.855055  -0.245845  -0.377955  -0.271119  -0.533966  -0.351824  -0.236337  -0.349513   0.258428   0.440955  -0.357762  -0.424303  -0.266978  -0.399729  -0.201990   0.006436   0.000000  -0.454537
