pos      val_*      val_A      val_C      val_D      val_E      val_F      val_G      val_H      val_I      val_K      val_L      val_M      val_N      val_P      val_Q      val_R      val_S      val_T      val_V      val_W      val_Y
   0  -0.515366   0.000000   0.045606  -0.059864  -0.343007   0.160935  -0.146206   0.490476   0.285707  -1.035144   0.399141  -0.262832   0.194473   0.344266   2.424691   0.507073   0.295957   0.425472   0.026778   0.762533   0.141438
   1   0.000000   0.194768   0.428521   0.187278  -0.361949   0.474677   1.288377   0.552182  -0.159089  -0.861748   0.450454  -0.685815   0.834621  -0.005828   0.025980   0.540107   0.326553  -0.458791  -0.101321   0.675060   0.507058
   2  -1.352879  -1.085277  -1.314459  -0.716189  -1.181255  -0.794836  -1.380766  -0.390685  -0.205054  -0.993805  -1.246947  -1.348013   0.389767  -1.309612  -1.171974  -1.002393  -1.281075  -1.517740  -1.111584   0.000000  -0.097373
   3  -1.475123   0.500144  -0.383139   0.242377   0.000000  -1.965971   1.174498  -0.896709  -1.289573  -0.778738  -1.365394  -0.440599  -0.472807  -1.223228   0.038339  -0.448031   0.509846   0.897777  -1.182114  -1.347323  -1.032279
   4  -0.993395  -0.307463   0.476332   1.950017   0.860626  -0.945323  -0.158793   0.273987  -0.462386   0.030575  -0.398844   0.000000  -0.326392  -0.161736   0.544258  -0.269289   0.057282  -0.281351  -0.187419   0.312016   1.566487
   5   1.813034   0.000000  -1.470065  -1.027834  -0.698729  -1.366293  -0.696662  -1.424121  -1.712824  -0.333189  -0.574621  -2.337713  -1.166188  -1.285901   0.248894   1.494667  -0.264962  -0.781404  -1.385928  -1.855396  -1.476277
   6  -1.434881  -0.337766  -0.431919  -0.384555  -0.257796  -0.573502  -1.134444  -0.156108  -0.583418   0.000000  -0.283328  -0.347712  -0.506686  -0.889736  -0.176624  -0.043896  -0.293410  -0.364764  -0.458195  -0.972401  -0.367593
   7   0.452145  -0.563642  -1.268736  -1.161290  -1.029633  -1.406284  -1.508505  -1.266156  -0.883963  -1.223254   0.127678  -0.762988  -0.919000  -1.222084   0.087728  -1.311720  -0.715292   0.000000  -0.813109  -2.440023   0.126113
   8   0.317545   0.471514  -1.134408  -0.363815   0.280591  -0.523056   0.124508   0.265820  -0.085272   0.945736  -0.050680  -0.009109   0.094300   0.344820   0.265281   0.721425   0.000000   0.131003   0.193587   0.322178  -0.011752
   9  -0.996167   0.127033  -0.907647  -0.550150  -0.237842  -0.056451  -0.218018  -0.068467   0.014594  -0.550137   0.096566  -0.162616  -0.138567  -0.999475  -0.169142   0.212509   0.000000   0.057089  -0.063596   0.641694   0.616185
  10   0.301735  -1.114326  -1.130656  -0.903135  -0.956634  -1.458358   0.000000  -0.884373  -1.216203  -0.464734  -1.104719   1.404145  -0.413719  -1.274175  -0.083139  -0.779101  -0.957207  -1.095859  -1.378534   0.039697  -1.497159
  11  -1.339985   0.537697  -0.084915  -0.341303  -0.443448   0.887916  -0.452344  -0.009252   0.892394  -1.230869  -0.597605  -0.843648  -0.511404  -1.176944   0.000000   0.450297   0.537890  -0.597573  -0.103826   0.451108   1.019857
  12  -1.266262   0.230857  -0.844254  -0.759038  -0.296729   0.003849  -1.163409  -0.099199   0.710969   0.565479  -0.298872   0.319845   0.601744   0.414626  -0.143754   0.000000  -0.178652   0.513623  -0.060745  -0.217738  -0.169441
  13  -1.373535  -1.093573  -1.405380  -1.394694  -1.113937  -1.185671  -1.136659  -1.062310  -0.949612  -1.216300  -0.582011   0.483681  -1.274363  -1.141404  -1.613758  -1.261092  -1.228375  -0.106197  -1.457173  -0.937198   0.000000
  14  -1.264800  -1.084270  -1.429770  -1.516140   3.286476   0.000000  -0.545439  -1.549224  -1.275776   0.477552  -1.257095  -1.663424  -0.655175  -0.047712   1.010714  -0.959501  -0.955966  -0.246453  -1.311081  -1.261811   0.143168
  15   0.335790  -1.134010   0.762525   2.135490  -0.519473  -0.985062  -1.120364  -0.797611   0.274828   1.366257   0.000000  -0.300183   1.577588  -0.953148  -0.908096  -0.367441  -0.893077  -0.797732  -0.293167  -0.925062   0.224459
  16  -1.578342  -1.462289  -1.680026  -0.828120  -0.602136  -1.605982  -1.379658  -1.240953  -1.765310  -1.235697  -1.800006  -1.811100   0.000000  -0.264152  -1.286854  -1.187430  -0.706237  -1.121715  -1.762291  -1.981874  -1.380811
  17  -1.633206  -1.580101  -1.457396  -1.498450  -1.404102  -1.618856  -1.423531   0.000000  -1.422333  -0.783035  -1.491670  -0.686672  -1.362583  -1.127220  -1.415833  -1.226344  -1.470314  -0.443893  -1.672366  -0.207679  -1.499423
  18   0.160839  -0.620132  -0.641735  -0.806254  -0.779961  -0.373325  -0.135565   0.498593   0.000000   0.319422  -0.054196   0.203568   0.510649  -0.248357   0.212663   0.261893  -0.305123  -0.021849  -0.251015   1.867372  -0.137335
  19  -1.215009   0.806440   1.042886   0.000000   0.339693  -0.231830   0.198328   0.606623  -0.017727   1.477431   0.711677   0.044018   0.897898   0.319089   0.849628   2.174097   0.598170   0.953211  -0.074792   0.453379   0.098203
  20  -1.599988  -0.794626  -0.125285  -1.302521  -1.086291  -0.403632  -1.190185  -0.211054  -1.237664   1.257897  -1.162519  -0.474657  -1.062622  -1.159143   0.000000   1.421516  -0.989129  -0.417712  -1.629703  -1.181871  -0.892156
  21  -0.487215  -0.664848  -0.344196  -0.499486   1.214408  -0.071128  -1.155731  -0.297659  -0.431153  -0.193910  -0.462400  -0.146025  -0.580426  -1.038629   0.794848   0.405484  -0.184150   0.000000  -0.851004  -2.832316   0.357573
  22  -1.825935  -1.588918  -1.624726  -1.440698  -0.650996  -1.795151  -1.456313  -0.712710  -1.609845  -1.247839  -1.625024  -1.403755  -1.319586  -1.044138   0.124223  -1.195119  -0.759302   0.000000  -1.436362   0.084807  -1.769781
  23  -1.486981  -0.908143  -0.382274  -0.228690  -1.343160  -1.639008  -0.708416   0.422258  -1.351613  -1.183528  -1.310018  -1.192133  -0.656140  -1.231658   0.097218  -0.822468  -0.492620   0.000000  -0.778921  -0.896533  -0.703403
  24  -1.435157  -0.636101  -1.419116  -0.049071  -1.250850  -1.266982  -1.191964  -1.060861  -1.178659  -1.328135  -1.477436  -1.139723  -0.969666  -1.471172  -1.323191  -1.175639  -1.462676  -1.358142  -0.355068   0.000000  -1.443587
