Training/Test    full-wt    rnap-wt     full-0   full-150   full-500
    full-wt_Neighbor   0.373670   0.633068   0.506570   0.486687   0.447570
 full-wt_Neighbor_LS   0.365798   0.567616   0.507113   0.483633   0.437755
          full-wt_MI   0.362991   0.628502   0.496473   0.477301   0.441159
          full-wt_LS   0.335719   0.534415   0.476952   0.456851   0.415045
      full-wt_iterLS   0.335723   0.535780   0.477361   0.458382   0.414614
         full-wt_BVH   0.347101   0.614400   0.472402   0.461683   0.427936
     full-0_Neighbor   0.335129   0.504157   0.531584   0.479496   0.421182
  full-0_Neighbor_LS   0.254223   0.323750   0.504554   0.425577   0.341684
           full-0_MI   0.335547   0.519895   0.512556   0.471881   0.422587
           full-0_LS   0.244935   0.316423   0.477584   0.406452   0.330421
       full-0_iterLS   0.237207   0.304262   0.466065   0.400462   0.321017
          full-0_BVH   0.302623   0.435725   0.489128   0.444974   0.390170
   full-150_Neighbor   0.358624   0.596058   0.511423   0.502388   0.443623
full-150_Neighbor_LS   0.313831   0.462672   0.501652   0.484380   0.403964
         full-150_MI   0.353656   0.600787   0.500428   0.486629   0.438565
         full-150_LS   0.301610   0.451100   0.479540   0.453726   0.389641
     full-150_iterLS   0.294055   0.437701   0.473299   0.447685   0.381535
        full-150_BVH   0.333256   0.529869   0.492584   0.472192   0.421249
   full-500_Neighbor   0.362265   0.616435   0.506516   0.487377   0.462326
full-500_Neighbor_LS   0.347892   0.551359   0.501449   0.478537   0.457745
         full-500_MI   0.358455   0.620439   0.498202   0.479323   0.445945
         full-500_LS   0.331234   0.526001   0.480102   0.460835   0.420062
     full-500_iterLS   0.331915   0.529200   0.480064   0.461097   0.420608
        full-500_BVH   0.351401   0.593424   0.485828   0.469497   0.437738
    rnap-wt_Neighbor   0.361636   0.673562   0.493344   0.480267   0.441887
 rnap-wt_Neighbor_LS   0.363982   0.658160   0.495518   0.483730   0.446171
          rnap-wt_MI   0.355168   0.652844   0.484068   0.472587   0.435734
          rnap-wt_LS   0.341218   0.598266   0.460930   0.455052   0.421020
      rnap-wt_iterLS   0.342175   0.604150   0.462471   0.456367   0.422198
         rnap-wt_BVH   0.329233   0.596880   0.428040   0.435903   0.407473