pos      val_A      val_C      val_G      val_T
  37   0.000000  -0.000369   0.002077  -0.001025
  38   0.000000   0.033771   0.018095  -0.027047
  39  -0.056579  -0.067078  -0.078738   0.000000
  40  -0.035135  -0.097543  -0.005879   0.000000
  41  -0.076241  -0.040391   0.044422   0.000000
  42   0.000000  -0.061582  -0.036697  -0.031848
  43  -0.083752   0.000000  -0.092603  -0.030318
  44   0.000000  -0.045587  -0.048267  -0.022041
  45   0.011964   0.000000  -0.009041   0.026372
  46  -0.000822  -0.015770   0.022235   0.000000
  47  -0.030097   0.021318   0.005646   0.000000
  48  -0.033107   0.005271  -0.016320   0.000000
  49   0.000000  -0.047948  -0.015042  -0.020398
  50   0.000382  -0.019373  -0.004101   0.000000
  51   0.007997   0.018677   0.000000  -0.020144
  52  -0.003887   0.000000  -0.005448  -0.005965
  53  -0.034850  -0.026907  -0.008266   0.000000
  54  -0.007304  -0.022355   0.023610   0.000000
  55   0.012091   0.000000  -0.012540  -0.018101
  56  -0.026479   0.000000   0.008227   0.016681
  57   0.010421  -0.015081   0.000000   0.010007
  58  -0.008063   0.005624   0.000000   0.034322
  59   0.038722   0.000000   0.020352   0.000937
  60   0.028954   0.002796   0.026159   0.000000
  61   0.027042   0.000000   0.062870   0.035117
  62  -0.016774  -0.020175   0.000000   0.004070
  63  -0.052963  -0.061729  -0.088409   0.000000
  64   0.000000  -0.102368  -0.082454  -0.112973
  65  -0.007832  -0.044710  -0.030494   0.000000
  66   0.063477   0.007865   0.000000   0.003669
  67   0.078892   0.063534  -0.004735   0.000000
  68  -0.020566  -0.079889  -0.085093   0.000000
  69   0.027037   0.002035   0.000000  -0.014090
  70   0.001273  -0.027854   0.023345   0.000000
