pos     val_AA     val_AC     val_AG     val_AT     val_CA     val_CC     val_CG     val_CT     val_GA     val_GC     val_GG     val_GT     val_TA     val_TC     val_TG     val_TT
  37  -0.480110   0.103714   0.145909  -0.826835  -0.000170  -0.589597  -0.721226  -0.398647  -0.405628   0.068859   0.325546  -0.569432   0.563556  -0.330868  -0.419864  -1.515668
  38  -0.321541   0.371570   0.295011  -0.352754  -0.534657  -0.763506  -0.899640   0.074548  -0.979538   0.709906  -1.103924   0.324352   0.304782   0.191417   2.206228  -0.860085
  39   0.207278   1.683023  -1.219821  -0.544783   0.884640  -0.801920   0.032906  -0.575146   0.343776   1.989420   0.185188  -0.613712  -0.345915  -0.661829  -0.702691   0.070086
  40   0.881437  -0.959132  -1.667315  -0.135102  -0.938654  -0.214274  -1.472504  -0.379846   1.282465   0.754083  -1.553969  -0.661231  -1.093941  -1.179162   1.409696  -0.073546
  41  -1.082296   1.380576  -1.675886  -0.839092  -1.320369   1.162348  -1.205740   0.216646   1.508334  -1.386866  -3.562582  -3.410659  -0.066959  -0.958049   0.111468  -0.399416
  42  -1.308760   0.097438  -1.192299   0.148421   1.658949  -1.042042   0.671998  -1.907750  -0.198313  -0.003518  -1.287205  -1.229999   0.905618  -0.841265   1.612447   0.134323
  43  -1.167444   1.025644  -1.206257  -0.245569   0.107582  -0.870850  -0.711452  -0.346336  -0.870970   0.180800  -0.946137  -0.187436   0.117816  -0.463875   0.858093  -0.758839
  44   0.387616   0.012344   0.152096   0.308915  -0.268256  -0.912796  -0.427357   0.241659   0.547294  -0.727176   0.009045  -0.434940  -0.751968  -0.292495  -1.003811  -0.603351
  45   0.570012   0.461323   0.911335   0.260380   0.059597  -0.150725   0.051733  -0.049503   0.100756   0.348742   0.223709   0.054414   0.034066   0.253881   1.852197   0.210519
  46   0.386343  -0.822435   0.771450   0.035571   0.266604  -0.197155  -0.633922  -0.029682  -0.099591   1.506522   0.588702   0.145835   0.147276  -0.003059   0.209219  -0.022512
  47  -0.472828  -0.492962  -1.437347   0.212431  -0.178901  -1.046333   0.563181   0.021498   0.146472   0.221649  -1.223512   0.287095  -0.132486  -0.107225  -0.036254  -0.005811
  48  -0.209321   0.280092   0.067962   0.465732  -0.187311  -0.236021  -0.416477   1.341269  -0.154978  -0.694898   1.031335   0.591857   0.040793  -0.398542  -0.199930  -0.153789
  49  -0.424866  -0.170320  -0.184375   0.045432  -0.353600   0.079049  -0.179715  -0.382036  -0.084924   0.447158   0.046895  -0.179266   0.562376  -1.090932   0.819358  -0.074753
  50  -2.322018   0.623934  -0.401987   0.473224  -0.305249  -0.019557  -0.191193   0.099066  -0.575063   0.532609  -0.170634   0.177105   0.629317  -0.241427   0.014332  -0.378044
  51   0.854574   0.570116  -1.058638   0.256762   0.334790  -0.184346  -0.233371  -0.121523  -0.168688   0.012232   0.125772  -0.312583   1.069599  -0.422515   0.039403  -0.732186
  52  -0.416408  -0.312089  -2.206430   0.060119  -0.064719  -0.230453  -0.005796   0.025894  -1.631196  -0.191876  -0.653328   0.120842  -0.087458   0.712781  -0.131080  -0.352044
  53   0.378106  -0.404649  -0.077029  -0.135772  -0.580470  -0.387991   0.227311  -0.169658   0.131382  -0.715912   1.180324  -0.118399  -0.018685  -0.010863  -0.198098   0.020752
  54   0.467153  -0.005961  -0.379750  -0.319090   0.524316  -0.113425   0.709298  -0.724551   0.474642  -0.256647   0.222906   0.181287   0.297168  -0.010693  -0.092720   0.105061
  55   0.516349   0.333034   0.057654   0.158330   0.037461  -0.034326   0.170021   0.060686  -0.110492  -0.022100  -0.378580  -0.425105  -0.169811   0.026449   0.315965   0.500552
  56   0.417655   0.328756  -0.049794   0.708768   0.154705   0.087159  -0.039498   0.186394   0.734500  -0.866673   0.248072  -0.907875   0.243640   0.409969   0.032979   0.293590
  57   0.193111   0.315701   0.108754   0.953955  -0.280462   0.465213  -0.000700   0.812883  -0.089646  -0.040310  -0.063204   0.454639   0.838634   0.143779   0.071964   1.092275
  58   0.159029  -0.041941   0.801430  -0.623447   1.121669  -0.124963   0.267694   0.219392   0.535336  -0.089213   0.332929  -0.304700   1.137236   0.380513   1.681207   0.677641
  59  -0.804626  -0.728121   0.207849   0.680112  -0.025651  -0.169502   0.309385  -0.065921  -0.152175  -0.026880   0.414014   0.494861   0.158468  -0.152474   0.852490  -0.309032
  60   0.163139   0.042945  -0.786409   0.288818  -0.510074  -0.180436  -0.524982   0.609964   0.760099   0.341495  -0.159596   1.445394   0.455851  -0.272035   1.399337   0.350436
  61  -0.349083  -0.328250   0.459129   0.933422  -0.547617  -0.500217  -0.217497  -0.199089   0.645009   1.061154   1.328773   1.357745   0.195637  -1.152629   0.542975  -1.107352
  62   0.060039  -0.728845   0.309212  -0.321147  -1.064260  -0.156695  -1.633398  -0.220954  -1.210414  -1.050983  -0.702053   0.078573   3.501445  -1.738875  -0.652028  -0.240720
  63  -0.464881  -0.210485   0.303732   2.129260  -1.085863  -0.642694  -0.023117  -0.037551  -0.768432   0.800828   0.439576  -0.325164   0.114176  -1.070663  -1.027003  -1.000197
  64  -0.342689  -0.667420  -0.587085   0.104758  -0.905785   0.178430  -0.431166  -1.036088  -0.286208   1.021151  -0.504737  -1.031697  -0.511951   0.138629   0.571074  -0.934154
  65  -1.890341  -0.151175  -0.301302   0.104588   0.852102  -0.230111  -0.729324  -1.008421  -1.297940  -2.104305  -0.498426   0.445676   1.145913   0.114065  -0.043475  -0.202013
  66   0.817800   2.379813   0.394139   0.966054   0.361479   0.835119   0.223763   0.006958   0.995407   0.438511  -0.144075  -0.176589   1.262380   0.591891   0.037694  -0.467683
  67  -2.047842  -1.540694   0.524627   1.101903  -1.846135  -1.364306  -1.548081   0.753040   0.181566  -1.282515  -0.347059  -0.004165  -0.605653  -0.997337  -0.749587  -0.056892
  68  -0.517303  -0.113518  -0.707536  -1.770549  -1.000554   0.384060  -1.166834  -0.602130  -2.144540   0.403226  -0.749239  -0.725281   0.452992  -0.359754   0.056099  -0.170912
  69  -0.223744  -0.949755   0.272118   0.425445  -0.086777  -1.549272  -0.868996  -0.286862  -0.050549  -1.631710  -0.363824   0.054596  -0.185664  -0.731868  -0.233914  -0.217249
