pos      val_A      val_C      val_G      val_T
  37   0.000000  -1.573729  -0.303058  -0.574051
  38  -0.868240   0.000000   0.514405  -1.349279
  39  -2.356468  -1.767240  -1.974156   0.000000
  40  -1.542306  -1.677760  -1.187389   0.000000
  41  -4.183285  -2.918648   2.093322   0.000000
  42   0.000000  -3.130367  -1.787198  -2.492972
  43  -3.043020   0.000000  -2.772066  -1.348526
  44   0.000000  -2.595328  -1.230976  -0.717408
  45   1.123657   0.000000  -0.464281   0.341671
  46  -0.008909  -0.636626   0.018833   0.000000
  47   0.599224   0.333459   0.979156   0.000000
  48  -0.014821  -1.164120  -0.806568   0.000000
  49   0.000000  -0.836859  -0.795215  -0.773733
  50  -0.920927  -0.317304  -0.147030   0.000000
  51   0.938394  -0.597912   0.000000  -0.310460
  52   0.206252   0.000000  -0.099375  -0.464692
  53  -0.286792  -0.062791  -0.492916   0.000000
  54   0.109433  -0.875626  -0.287629   0.000000
  55   0.117286   0.000000   0.135240  -0.181870
  56   0.128141   0.000000   0.173427   0.326077
  57   0.295874  -0.386215   0.000000   0.270659
  58  -0.169556  -0.308980   0.000000   1.473995
  59   1.819231   0.000000   0.909880  -0.507234
  60  -0.304436  -0.635927   0.274675   0.000000
  61   2.335831   0.000000   4.334949   1.595035
  62  -1.216097  -1.186990   0.000000  -0.179434
  63  -3.743573  -2.449842  -4.432080   0.000000
  64   0.000000  -4.564784  -4.793427  -5.694906
  65  -1.381417  -1.893592  -1.883088   0.000000
  66   3.299806   0.523511   0.000000  -0.315938
  67   3.107562   1.558903  -0.043457   0.000000
  68  -2.065661  -4.805054  -3.402356   0.000000
  69   1.330623  -0.967359   0.000000  -0.958443
  70  -0.019450  -1.245927  -0.511404   0.000000
