pos      val_A      val_C      val_G      val_T
  37   0.000000  -0.456797   0.122158   0.060260
  38  -0.785696   0.000000   0.411452  -1.539372
  39  -2.080373  -2.178307  -2.719845   0.000000
  40  -1.414089  -1.948443  -1.713885   0.000000
  41  -2.376673  -1.415045   2.002284   0.000000
  42   0.000000  -2.242074  -1.233459  -2.091590
  43  -2.135800   0.000000  -2.913575  -1.428055
  44   0.000000  -1.445067  -1.174511  -0.577876
  45   0.740419   0.000000   0.154119   0.182358
  46   0.157817  -0.238507   0.246194   0.000000
  47   0.378938  -0.108995   0.238660   0.000000
  48  -0.625549  -0.216806  -0.473069   0.000000
  49   0.000000  -0.643278   0.004400  -0.557399
  50  -0.194917  -0.179906  -0.189976   0.000000
  51   0.476041  -1.383469   0.000000  -0.574900
  52  -0.178629   0.000000   0.178798  -0.467209
  53  -0.046801  -0.352256  -0.977625   0.000000
  54  -0.318328  -0.000809  -0.093553   0.000000
  55   0.214975   0.000000  -0.298968   0.194074
  56   0.118677   0.000000   0.173931   0.221594
  57   0.555904   0.297847   0.000000   0.660196
  58  -0.558126  -0.060572   0.000000   1.147333
  59   0.850560   0.000000   0.657265  -0.233505
  60   0.078263  -0.186290   0.577206   0.000000
  61   1.598463   0.000000   2.390486   0.857714
  62  -0.660678  -0.582015   0.000000  -0.352165
  63  -1.570293  -1.778601  -2.663402   0.000000
  64   0.000000  -2.914831  -2.438664  -2.745378
  65  -0.558487  -2.302849  -1.136153   0.000000
  66   2.663434   0.000934   0.000000  -0.047471
  67   2.500042   0.903568  -0.010108   0.000000
  68  -1.883312  -2.023060  -2.569039   0.000000
  69   0.848325  -0.447562   0.000000  -0.382952
  70  -0.179657  -0.808582  -0.463727   0.000000
