pos      val_A      val_C      val_G      val_T
  37   0.000000  -0.256647  -0.118027  -0.244505
  38  -0.756109   0.000000   0.064329  -1.739535
  39  -0.223245   0.000000   0.461172   1.909505
  40  -1.929231  -2.423679  -1.162228   0.000000
  41  -2.370060  -1.867937   1.631341   0.000000
  42   0.000000  -1.926947  -0.837508  -1.664172
  43  -2.427404   0.000000  -2.536345  -1.721004
  44   0.000000  -1.101024  -0.872075  -0.587847
  45   0.385130   0.000000   0.286859   0.165516
  46   0.271352  -0.185565   0.743461   0.000000
  47   0.424812   0.114612   0.442293   0.000000
  48  -0.373100  -0.235864   0.477381   0.000000
  49   0.000000  -0.520413   0.194386  -0.381267
  50   0.036863  -0.432026   0.290246   0.000000
  51   0.305431  -0.387984   0.000000  -0.381861
  52  -0.099612   0.000000   0.132077  -0.486940
  53  -0.730447   0.005864  -0.545992   0.000000
  54  -0.135720  -0.054831  -0.229578   0.000000
  55   0.400995   0.000000   0.028475   0.208380
  56  -0.085850   0.000000   0.097212   0.005292
  57   0.400482   0.139950   0.000000   0.487799
  58  -0.098510  -0.538176   0.000000   0.795528
  59   1.113508   0.000000   0.683999  -0.195287
  60   0.685401  -0.048156   0.507845   0.000000
  61   1.008069   0.000000   2.529666   1.181443
  62  -0.556917  -0.621350   0.000000  -0.039672
  63  -1.852287  -1.880350  -2.633527   0.000000
  64   0.000000  -3.412021  -2.749713  -2.810206
  65  -0.262088  -1.089495  -1.207089   0.000000
  66   2.100079   0.825249   0.000000  -0.058647
  67   2.252333   0.867350   0.436211   0.000000
  68  -2.377077  -2.227434  -3.678149   0.000000
  69   1.081517  -0.381824   0.000000  -0.199038
  70   0.115948  -0.870072  -0.164222   0.000000
