pos     val_AA     val_AC     val_AG     val_AT     val_CA     val_CC     val_CG     val_CT     val_GA     val_GC     val_GG     val_GT     val_TA     val_TC     val_TG     val_TT
  37  -0.548154   0.005893  -0.316474  -1.412611  -0.529188  -0.216328  -0.088800   0.378312  -0.376677   0.058930   0.074988  -0.655166   0.486983  -0.086230  -0.563634  -2.753929
  38   0.322801   0.910016  -0.753631  -0.349881  -1.496689  -1.662711  -1.207503   0.110812  -1.316252   1.071502  -0.623398   0.045418   1.124940   1.083546   0.469722  -0.840683
  39  -0.523106  -0.015573  -0.569243  -1.235891  -0.207825   0.395018  -1.388942  -0.801909   0.297581   0.340809  -0.770206  -1.175926  -0.679395  -1.408188  -0.465475   0.105342
  40   0.839529   1.326150  -2.048497  -0.699529   0.161439   0.501877  -1.215130  -1.408904  -1.103727  -0.252463  -0.870858  -0.460345  -1.254952  -1.090044   1.180669   0.028659
  41  -1.303206   1.198621  -0.402828  -1.159243  -1.041137  -0.280871  -1.161002   1.483781   1.231486  -1.122410  -2.067079  -1.562363   0.038862  -1.050725  -0.208723  -0.618462
  42  -1.361463   0.154471  -1.150959  -0.793414   0.984125  -1.216603  -0.258003   0.680443   0.801596  -0.377455   0.317153   0.251715   1.228951  -0.904857   1.688970   0.347954
  43  -1.291930   1.440860   0.156729  -0.578306   0.127209  -0.764369  -0.533499  -0.039308  -0.955886  -0.729982  -0.717675  -0.957388  -0.642267  -0.841358  -0.184693  -0.863320
  44   0.319001   0.009946   0.173614   0.181615   0.130166  -0.658100  -0.544271  -1.133985  -0.250088  -0.558940  -0.718740   0.242144  -0.491656  -0.157413  -0.686520   1.008333
  45   0.785379  -0.572457  -0.069578   0.253280   0.025741  -0.052825   0.152160  -0.038303  -0.412787   0.819644   1.217162  -0.024192   0.653457   0.171089   0.522419   0.154721
  46  -0.060197  -0.484391   0.008084   0.085577  -0.121351   0.861368   0.912011  -0.088720   1.469669   0.478729  -0.777880   0.192770   0.001544  -0.030879   0.145085  -0.014632
  47  -0.564116   0.304373  -0.122241   0.079529  -0.574649  -1.420957   0.231870   0.064062  -0.524006   1.625417  -1.034789   0.160167  -0.058714  -0.051048  -0.003024  -0.002929
  48  -0.108159   0.759020   0.297654  -0.939364  -0.071144   0.123432  -0.915898   0.516913  -0.002175  -0.149031  -0.725738   0.362232   0.019068  -0.212455   0.094455  -0.190989
  49  -0.124353  -0.028797  -0.002214   0.018797   0.023170   0.075372   0.774662  -0.219591  -0.132495   0.864168  -0.698305   0.043635   0.165336  -0.070144  -0.097524  -0.170845
  50  -0.353081   1.265008  -0.163325   0.314357  -0.488553   0.220451  -0.000167   0.309572  -0.235313   0.024069  -0.025572   0.516386   0.336953   0.006890   0.001323  -0.208455
  51  -0.701953   0.381810   0.040073  -0.894153   0.089458   0.099038  -0.536793  -0.315836   0.102169  -0.000885  -0.005727  -0.175228  -0.068281  -0.163013   0.335088  -0.504346
  52  -0.118713   0.008543  -0.947909   0.107060   0.200641  -0.194527   0.077608   0.007862  -1.255789   0.193222   0.275170   0.012036  -0.762898  -0.263219  -0.306916  -0.203869
  53   0.195361   0.579567   0.023458   0.054893   0.186815   0.273187   0.032931  -0.202252  -0.076489  -0.559783  -0.317385   0.035786  -0.036168  -0.092373  -0.200223   0.010915
  54  -0.520962   0.030638   0.102956  -0.375745  -0.493431   0.011758  -0.534489  -0.245935  -0.952376  -0.214707   0.806522  -0.148118   0.285769  -0.004348  -0.023642   0.014759
  55   0.159319   0.209697   0.370597   0.117530  -0.008067   0.000982  -0.139297  -0.058262  -0.197592  -0.050400  -0.221880   0.763921  -0.063189  -0.004083   0.281621  -0.237193
  56  -0.511316  -0.371020  -0.026981   1.143448   0.088115   0.048382  -0.010649   0.203940   0.950455  -0.395307  -0.068507  -0.896565   0.187833  -0.066286  -0.027105  -0.177004
  57  -0.326666  -1.101590   0.136438   0.334275   0.134599   0.550165   0.000611  -0.289268  -0.026304  -0.001200  -0.035034   0.303657  -0.287274   1.306947   0.084819   0.780276
  58  -0.526989   0.102701  -0.483806  -0.943066   0.539164  -0.000438   0.263459  -0.168555   0.391290  -0.039885   0.202460  -0.242464   0.692030   0.218515   1.485449   0.565906
  59  -0.757799  -0.497921   0.390287   0.454203   0.138462  -0.054071   0.233116  -0.030607   0.055823  -0.919043   0.385679   0.275407  -0.437636   0.048483   0.179005  -0.268309
  60   0.880349   0.034134  -0.224275   1.420264   1.536123  -0.190924   0.089092  -0.201230   0.524358   0.272193  -1.112294   0.727800   0.311915  -0.137029   1.232918   0.356134
  61  -0.111263  -0.297566   0.396135   0.509991  -0.312366  -0.404910  -0.094670  -0.230594   1.006655   0.883152   0.999829   1.693867  -0.616472   0.167582   0.420031  -0.028835
  62   0.350168  -0.047982  -0.252786  -0.249835   2.508752  -0.896180  -0.652593  -0.281554  -1.038458  -0.997844  -1.271782   0.082186   1.767085   0.047179   0.441997  -0.163681
  63  -0.624873   1.994541   1.078940   1.119808  -0.977426   0.433240   0.462101   0.539336  -1.161388   0.759065  -0.013436   0.682839   0.149261  -1.960611  -2.163869  -1.594328
  64  -0.141439  -0.509599  -0.459695   0.125968  -0.327278  -0.429193   0.099202  -1.638337  -0.575050   0.110493   0.888348  -1.923232  -0.428821  -0.323097  -1.016694  -1.327379
  65   0.010804   0.286449  -0.239131  -0.413760  -0.471259  -0.213963  -0.680308   0.327953  -0.577068  -2.170475  -0.428973  -0.697000   1.014788   0.217628  -0.021565  -0.072604
  66   0.895775   2.193837  -0.303631   0.807876   0.987556   0.464629  -2.174567   0.217605   0.653043   0.441681   0.093133  -0.110057   0.467227   0.025715   0.536403  -0.173152
  67  -2.053433  -0.104881  -2.265723   0.933041  -1.400787  -0.951857  -1.207612   0.582305  -0.890100  -1.000786  -0.003778   0.061224  -0.706770  -1.214630  -0.951809  -0.003663
  68  -0.334132  -0.684190  -0.870174  -0.337430   0.045805  -0.997401  -1.278633   0.323674  -0.392272  -1.147795  -1.118397   0.067920   0.239604  -0.076266   0.063192  -0.164035
  69  -1.424315  -0.952533   0.348705   0.285291   0.305069   0.807622  -0.629962  -0.172355   0.096056  -1.137061   0.022267   0.032542   0.597524  -0.954047  -0.754021  -0.181608
