pos     val_AA     val_AC     val_AG     val_AT     val_CA     val_CC     val_CG     val_CT     val_GA     val_GC     val_GG     val_GT     val_TA     val_TC     val_TG     val_TT
  37  -0.343329   0.007897   0.262648  -1.065491  -0.435054  -0.433826   0.406489  -0.103339  -0.130609   0.097141   0.113310  -0.439122  -0.977512  -0.665508   0.390124  -1.004742
  38  -0.807344  -0.527716  -0.095878  -0.190542  -1.012501  -1.120505  -1.140058   0.102559   0.108307   0.339146  -0.368451   0.187943  -0.187947   0.342996   1.550868  -0.573844
  39  -0.829491   0.609588  -0.492926  -0.927568  -0.943493  -0.902542  -1.155905  -0.800044  -1.063303   0.181620  -0.851901  -0.829464  -0.320029  -0.982235  -0.340429   0.105331
  40  -0.517800   0.776290   0.015143  -0.395090  -0.776955   0.047132   0.266814  -0.976562  -1.445833  -1.289575  -1.095211  -0.263238  -1.150596  -0.917322   0.373227   0.090090
  41  -1.240801   0.099090  -1.010234  -0.498365  -0.898410  -1.148884  -1.390120   0.171571   0.490896   0.574876  -2.893204   0.050083   0.128833  -0.923128  -0.298779  -0.574246
  42  -1.048946   0.158057  -1.137802  -0.233213   0.584615  -0.947224   0.093916  -0.894429   0.161058  -0.369953  -0.623188  -0.401696   0.672927  -0.669929   0.664066   0.397855
  43  -0.997124   1.083177  -1.040365  -0.091906   0.121428  -0.483661  -0.405050  -0.138799  -0.971769  -1.897666  -0.166837  -0.516384  -0.253868  -0.624709   0.665565  -0.366978
  44   0.201413   0.030322   0.058830   0.125621   0.395548  -0.582949  -1.220564   0.157196   0.841124  -0.435597  -0.067492  -0.447050  -1.128911  -0.160923  -0.198012  -0.006286
  45   0.797702   0.075551   0.288292   0.175117  -0.034965  -0.129313   0.058176  -0.013588  -0.782859   0.664044   0.019334   0.013394   0.384997  -0.401692   1.010567   0.074161
  46   0.254738  -0.272538  -0.287139  -0.020222  -0.436641  -0.147391  -0.149570  -0.087205  -0.118541  -1.097801   0.456213   0.145920   0.075678   0.113164   0.192324  -0.011827
  47   0.720670  -0.310665  -0.049955   0.056153  -0.481734   0.501834   0.657183   0.028791  -0.026332  -1.004423   0.642582   0.240328  -0.248000  -0.060359  -0.139200   0.005472
  48  -0.234517  -0.127166  -0.443226   0.315237  -0.169594   0.497457   0.882091  -0.177684  -0.108905  -0.250833   0.498444   0.247329   0.038089  -0.260112  -0.053022  -0.156553
  49  -0.058174  -0.071690  -0.053924   0.025967  -0.979996   1.204075   0.180252  -0.242682  -0.684974  -0.875995   0.361945   0.019867   0.613687  -0.271844  -0.255414  -0.145908
  50  -0.318911  -0.581781  -0.106647   0.460024   0.570980  -0.166347  -0.106198   0.109038  -0.205982  -0.740785   0.005006   0.094216   0.356609  -0.053834   0.006632  -0.178920
  51   0.229706   0.405542   0.154484  -1.054136   0.462158  -0.148757   0.025146  -0.354194  -0.067326   0.010137  -0.071715  -0.065148   0.663435  -0.206462   1.147830  -0.174119
  52  -0.216587  -0.103328  -0.271828   0.023220  -0.073478  -0.118540   0.054321   0.013046  -0.617230   0.509483  -0.549573   0.016303  -1.028166  -0.273053  -0.571170  -0.072412
  53   0.493428  -0.187914   0.672244  -0.183419   0.116064  -0.885585  -0.823935  -0.068904  -0.842747  -0.340319  -0.987320   0.067755   0.052034  -0.022344  -0.109228   0.010957
  54  -0.229479   0.086309  -0.047413  -0.577949  -0.656245  -0.066288  -0.117505   0.617626   0.275759  -0.110122  -0.176482  -0.501574   0.198061  -0.012706   0.090826   0.069704
  55  -0.565131   0.224214  -0.415205   0.331201   0.032247  -0.025471   0.029817   0.112006   1.179852   0.021906  -0.056516  -0.054479   0.179313  -0.011526   0.971093   0.145616
  56  -0.406533   0.000625   0.061027   0.436374   0.073672   0.018756  -0.027259   0.150845   0.438811  -0.078291  -0.038913   1.241226  -0.056744  -0.306366   0.136218   0.375925
  57  -0.388966   0.186341   0.011173   1.043910  -0.287509  -0.206009  -0.062963   0.940242  -0.014090  -0.141271  -0.018076   0.140729   0.067362   0.117892   0.228295   0.180798
  58   0.112536  -0.108065   0.429035   0.542233   0.248761  -0.095589   0.570706  -0.781953   0.436785  -0.025125   0.150633  -0.166093   0.272446   0.227547   0.301263  -0.308808
  59  -1.956970   0.301058   0.131094   0.490036   0.105207  -0.006309   0.207078  -0.031218   0.553900  -0.096792   0.729919   0.161314  -0.366975  -0.786156   1.133302  -0.176184
  60  -0.007366   0.041329  -0.893495   0.074141  -0.495540  -0.015059  -0.619929   0.548378  -0.128361   0.319211  -0.355029   0.483774   0.477486  -0.086206   0.807325   0.330559
  61  -1.124706  -0.425716   0.586979  -0.015766  -0.288769  -0.253290  -0.052882  -0.008096   1.794840   1.993972   0.568101   0.053981   0.455355  -0.082915   0.359380   0.431654
  62  -1.371639  -1.314817   0.078330  -0.130434   0.824459  -0.361913   0.336303  -0.195771  -0.631652  -0.786224  -1.438166   0.083869   1.889237  -1.114212   1.367395  -0.042069
  63  -0.442893   0.392254   0.381232   1.002431  -0.895525  -0.324114   0.312891   0.021265  -1.215458   0.568258  -0.318233   1.076156   0.207989  -1.567398  -1.399613  -1.552122
  64  -0.068848  -0.137752  -0.166682   0.147322  -1.480125  -0.314592  -0.207469  -1.491859   0.167081  -0.813317   0.267017  -1.396726   0.459188  -0.860186  -1.566838  -1.369540
  65   0.589411   0.131276  -0.219285   0.216353  -0.450580  -0.093940  -0.199370  -0.292091   0.083210   0.449900  -0.338912   0.182757   0.703528   0.130363  -0.014773  -0.022103
  66   0.025150   1.079433   0.914392   0.627623   0.361703   0.059828   0.799244   0.100490   0.664536   0.336378  -0.172436  -0.072844   0.520592  -0.227935   0.693803  -0.071527
  67  -0.836619  -0.908614  -1.471987   0.747057   0.014724  -0.796939  -1.239684   0.456979  -1.512078  -0.955465  -0.768532   0.058838  -0.597172  -1.190423  -0.846579   0.029701
  68  -0.586133  -1.535840  -0.573444  -0.362698  -1.290651  -0.839465  -1.260652   0.056714  -1.828706  -0.247655  -0.916477  -0.544399   0.336875  -0.169048   0.071462  -0.002763
  69   0.667514  -0.115154  -0.908491   0.217777  -0.500069  -1.540885  -0.716816  -0.179174   0.161469  -0.955361  -0.450190   0.040317   0.462599  -1.103660  -0.991088   0.040795
