pos     val_AA     val_AC     val_AG     val_AT     val_CA     val_CC     val_CG     val_CT     val_GA     val_GC     val_GG     val_GT     val_TA     val_TC     val_TG     val_TT
  37   0.024133   0.124035  -0.314096  -0.735101  -0.837838  -0.176220  -0.436983  -0.345216  -0.558800   0.043699   0.342624  -0.717482   0.723094   0.002551  -0.488263  -1.429206
  38  -0.961902   0.261768  -1.241787  -0.434886  -0.873362  -1.086365  -1.037957   0.097072  -0.715198   0.573011   0.807727   0.223589  -0.169763   0.735453   0.592875  -0.804046
  39  -1.083802   1.042049  -1.008528  -0.830158   0.157886   0.720820  -0.671296  -0.804516  -0.860161   0.619064  -0.390060  -0.862749  -0.631526  -0.981373  -0.907389   0.097712
  40   0.596821   0.910014  -1.222571  -0.682860   0.148154   0.550959  -1.042630  -0.808067   0.183576   0.272723  -0.442315  -1.014904  -1.242489  -0.888474   1.344160  -0.016889
  41  -1.186557   0.711562  -1.463042  -1.177662  -0.776301   0.451991  -1.222757  -0.957179   1.515211  -0.949226  -2.998667  -0.471326  -0.009015  -1.228850  -0.085778  -0.704707
  42  -1.332020   0.143695  -1.321576  -0.438068   1.541629  -1.288941  -0.344304  -0.102427   0.223555  -0.257440  -1.102762  -0.101247   0.935842  -1.059031   2.148498   0.709842
  43  -1.389015   1.034354   0.195100   0.205545   0.118225  -0.841640  -0.572957  -0.244325  -0.954982  -1.182937  -1.195756  -0.881880  -0.397942   0.222259   0.152281  -0.514672
  44   0.390399   0.018565   0.104269   0.193797   0.111268  -0.888191  -0.433719  -0.221392  -0.712482  -0.669532   0.416508   0.111040   0.492367  -0.413104  -0.825810   0.597962
  45   0.207858   0.477851   1.118665   0.304823   0.044830  -0.027847   0.079106  -0.045632   0.607334   0.492481   0.285996   0.035445   0.437079  -0.313762   1.895667   0.137184
  46  -0.101404  -0.045342   0.852588   0.052838  -0.040904   0.309809  -1.421749   0.055120   0.158076   0.152115  -0.829726   0.252103   0.191897   0.012926   0.132728  -0.024406
  47  -1.239992   0.515976  -0.417801   0.229877   0.625849   0.371368   1.160358  -0.036522  -0.882566  -0.679465  -0.196507   0.148153  -0.089128   0.069101  -0.035757  -0.008478
  48  -0.199669   0.857229   0.427056  -0.186910   0.008250   0.568441  -0.610184   1.253788  -0.190523   0.733277   0.252914   1.557270   0.030456  -0.405992  -0.123095  -0.196130
  49  -0.297103   0.064925  -0.052348   0.027588  -0.105797   0.286171  -0.733646  -0.246823   0.469116  -0.555982   0.061810  -0.105900   0.158336  -1.256959  -0.159595  -0.071594
  50  -1.119049  -0.903577  -0.222076   0.805738   0.008132   0.286899   0.007112  -0.204092   0.291722   0.142551  -0.048124  -2.347839   0.310645  -0.018584   0.011998  -0.244706
  51  -0.300242   0.377938  -0.600908  -0.594786   0.138374  -0.107096   0.651719   0.598002  -0.074943   0.021444  -0.115248  -0.175230   0.155363  -0.300974   0.764019  -0.303153
  52  -0.967999  -0.163206   0.544730  -0.033916   0.077561   0.011791  -0.084418   0.018005  -1.045522   0.820143  -0.636520  -0.024809   0.233566  -1.025334   0.157060  -0.182206
  53  -0.162430  -0.840171  -2.488441   0.080267   0.524580   0.134521   0.144478  -0.033260  -0.202569   0.911450  -0.544930  -0.080624  -0.068632  -0.074420   0.011007   0.008039
  54  -1.040689   0.014176  -1.294669  -0.228372  -0.226776  -0.119526  -0.180651   0.828488  -0.159660  -0.050171  -0.170693  -0.420252  -0.007803   0.005842  -0.069980   0.082256
  55  -0.346185  -0.057245   0.371971  -0.074429  -0.015314   0.002126   0.024852  -0.003781  -0.124707  -0.099898  -0.942880   0.625622  -0.064112   0.079137  -0.632824   0.270702
  56   0.167972  -0.650744  -0.065003   0.500830   0.105700   0.095155  -0.021935   0.197411   0.356627  -1.016931   0.029585  -0.453475   0.731628   0.216875  -0.038273   0.185057
  57  -0.588283   0.121599   0.143778   0.517400   0.038136   0.103662   0.001027   0.476648  -0.066328  -0.079962  -0.057890   0.424570   1.043106  -0.619412   0.172215   0.888554
  58   0.298418  -0.080903   0.925155   0.118094   0.874769  -0.177998   0.137685  -0.286384   0.490556  -0.066448   0.248685  -0.388259   1.559935   0.346130   0.726609   0.933900
  59  -0.924780  -0.348149  -0.261329   0.646985   0.063545  -0.125709   0.368395  -0.054962   0.111876  -0.458895   0.917055   0.356754   0.285644   0.138356   0.515459  -0.361882
  60   0.653637   0.083537  -0.224834  -0.107962  -0.204816  -0.085554  -0.969959   0.174429   0.335671   0.413800  -0.895562   1.527565   0.416379  -0.223632   1.341439   0.408532
  61  -0.054408  -0.473114   0.466844   0.303664  -0.647447  -0.255060  -0.170797  -0.156030   1.259891   1.107813   1.147090   1.610583   0.491892  -1.032974   0.486604  -0.514890
  62  -0.431851  -0.786624  -0.618682  -0.262349  -0.627414  -0.710008   0.033054  -0.099568  -0.783845  -0.994874  -1.073792   0.070146   2.123446  -0.451436  -1.589745  -0.146706
  63  -0.419768   0.453676   0.534296   1.497006  -1.295083   0.491946   1.160353   1.516927  -1.021081  -0.166791  -0.479213   0.282826   0.130485  -1.522044  -1.574468  -1.288705
  64  -0.222337  -0.438433  -0.584486   0.113512  -0.395607   0.391675   0.059236  -1.439239   0.832416  -0.811720  -0.571639  -1.377229  -0.197305   0.435826   1.004175  -1.135458
  65  -0.704597  -0.310134  -0.111301  -1.203821   0.216216  -1.181080  -0.569310   0.122458   0.551607  -0.597228  -0.666977   0.013163   0.847494   0.125860  -0.026484  -0.124062
  66   0.766487   1.734754   0.590677   0.736397   0.868281  -0.201539   0.132793  -0.008321   0.738242   0.514568  -0.052824  -0.124359   0.967074  -0.333086   0.317100  -0.261538
  67  -2.106352  -2.175602  -1.032954   0.898464  -1.692714  -0.557991  -0.919421   0.734611  -0.259769  -0.195487  -1.250064   0.060808  -0.718658  -1.044518  -0.594842  -0.031868
  68  -1.034959  -0.071441  -1.037775   0.896444  -1.339774   0.388154  -1.110416  -1.187708   0.272877   0.227395  -0.812169  -0.038546   0.261190  -0.338778   0.059024  -0.146841
  69   0.510502  -1.865361   0.718643   0.240666  -0.323437  -2.267518  -0.348491  -0.289385   0.267380  -1.350349  -0.124434   0.034081  -0.043002  -0.835226  -0.432698  -0.107946
