pos      val_A      val_C      val_G      val_T
  37   0.000000   0.012778  -0.006225  -0.005818
  38   0.000000   0.028308   0.030525  -0.003675
  39  -0.055131  -0.049558  -0.060149   0.000000
  40  -0.013409  -0.063779  -0.025449   0.000000
  41  -0.075064  -0.021683   0.026380   0.000000
  42   0.000000  -0.040478  -0.012852  -0.059570
  43  -0.037934   0.000000  -0.070166  -0.016247
  44   0.000000  -0.021029  -0.045197  -0.010298
  45   0.001224   0.000000   0.009742   0.007268
  46   0.009828  -0.001353   0.014280   0.000000
  47   0.013704  -0.020573  -0.010885   0.000000
  48   0.000015   0.001049   0.013987   0.000000
  49   0.000000  -0.010516   0.003469   0.010953
  50   0.013174   0.014794   0.028831   0.000000
  51  -0.002065   0.014408   0.000000   0.017818
  52   0.004653   0.000000   0.015506  -0.001950
  53   0.000278   0.015776  -0.008623   0.000000
  54   0.005896  -0.011543   0.002098   0.000000
  55  -0.020059   0.000000  -0.025129   0.016359
  56  -0.021093   0.000000  -0.008736  -0.017701
  57   0.001846  -0.005740   0.000000   0.018913
  58   0.015452  -0.002624   0.000000  -0.001647
  59   0.041974   0.000000   0.008946  -0.021594
  60   0.001471  -0.007082  -0.008470   0.000000
  61   0.011276   0.000000   0.037468   0.004503
  62  -0.016998  -0.011956   0.000000   0.017607
  63  -0.012414  -0.038082  -0.071814   0.000000
  64   0.000000  -0.080870  -0.062255  -0.062168
  65  -0.004437  -0.004432  -0.005616   0.000000
  66   0.040132  -0.005354   0.000000   0.005537
  67   0.009650  -0.004041  -0.010523   0.000000
  68  -0.038345  -0.062381  -0.078533   0.000000
  69   0.022685   0.001812   0.000000   0.007625
  70   0.037048  -0.048657  -0.018017   0.000000
