pos     val_AA     val_AC     val_AG     val_AT     val_CA     val_CC     val_CG     val_CT     val_GA     val_GC     val_GG     val_GT     val_TA     val_TC     val_TG     val_TT
  37  -1.144076  -0.005396  -0.329421  -1.850348  -0.316398  -0.232853  -0.337649  -0.801549  -0.006866   0.068211   0.148556  -0.457097  -0.815848  -0.050694  -0.367437  -1.509217
  38  -2.124538   0.341328  -1.040438  -0.089492  -1.154520  -1.319801  -1.116927   0.179444  -0.227513  -1.010470   0.231317   0.247883   0.348358   0.181188   1.177184  -0.728676
  39  -1.474282  -0.352610  -1.469036  -0.953718  -2.112273  -0.143303  -2.483505  -1.006267  -1.487392   0.816975  -2.187624  -0.901679  -0.323121  -1.382324   0.007908   0.202823
  40  -1.789209  -1.022693   0.319223  -0.388258   0.124050  -1.888525   0.249337  -1.519422  -1.225549  -2.228670   0.543077  -0.147349  -1.020500  -0.478978   0.324737   0.156531
  41  -0.971067  -1.613382  -1.548369  -1.162772  -0.619075  -0.053998  -2.421050  -0.448241   0.385337   0.272063  -0.916912   0.607335   0.171073  -0.581783  -0.260039  -0.554183
  42  -0.702622   0.186175  -1.395962  -0.133179   0.055633  -0.564808   0.020473  -0.780697   0.204259  -0.433267   0.719146  -0.380437   0.260184  -0.519055  -0.421982  -0.458978
  43  -0.621481   0.058190  -1.299144   0.056204   0.120849  -0.337352  -0.167242   0.015262  -1.050062  -1.515934  -0.406963  -1.581246  -0.044466  -0.921241  -0.854540  -0.789107
  44  -0.003729   0.047158   0.114229   0.055026   0.573176  -0.568651  -0.184568   0.416723  -0.135508  -0.314351   0.141645  -0.259703   0.060602  -0.112280  -0.064857   0.192561
  45   0.700531  -0.457663   0.275023  -0.022832  -0.087952  -0.067679  -0.085104   0.000131  -0.697563   0.518572   0.702996   0.104661   1.002389  -0.903441   0.083160   0.044907
  46  -0.286121   0.531255   0.066905  -0.018609   0.134350  -0.200786  -0.263795  -0.116558   0.273654  -0.083955  -1.209531   0.036658   0.056374  -0.016390   0.221477  -0.001682
  47  -0.219463   0.245979  -0.737428   0.081361  -1.344327  -0.427483   0.211215   0.066911  -0.384231  -0.209325  -0.576774   0.158300   0.048178  -0.161504  -0.082959   0.003635
  48  -0.115664   0.332061   0.430584   0.482729  -0.182841  -1.238603   0.558154   0.501679  -0.204774   0.082360   0.266212   0.529705   0.030773   0.006184  -0.152824  -0.057675
  49   0.019370  -0.166338  -0.027052   0.013957  -0.142337   0.860814  -0.299718  -0.032151  -0.118334  -0.530464   0.751565  -0.097254  -0.166313   0.293396   0.136815   0.012553
  50  -0.406483  -1.016587   0.082409   0.042229  -0.133765  -0.130186  -0.100422  -0.135708   0.197288  -0.526929   0.034549   0.003819   0.268375   0.072686  -0.005562  -0.088041
  51  -0.451961   0.203492   0.484663   0.723605   0.172349  -0.040811  -0.477342   0.180640   0.091921   0.005727  -0.146690  -0.099272  -0.372347  -0.070918   0.519705  -0.356559
  52  -0.931835  -0.508793   0.156801   0.105435   0.016327  -0.033854  -0.088563   0.012512  -0.002758  -0.452914   0.593402  -0.069798  -0.285114   0.802906  -0.436168  -0.074941
  53   0.002808  -0.121962   0.240373  -0.050008   0.091649  -0.513175   0.108671  -0.032980  -0.669544   0.551159  -0.213290  -0.062408  -0.067933  -0.126748   0.049572   0.016465
  54  -0.449592  -0.027926  -0.941636   0.048995  -0.158426  -0.100579  -0.175669  -0.358511   0.999914   0.030851  -0.939049   0.476429   0.005320  -0.002985   0.130006   0.063021
  55   1.158851  -0.058040   0.393251  -0.282212  -0.053876  -0.005574   0.078353  -0.046612   0.415493  -0.000074   0.055358   0.093245   0.624480   0.024523  -0.758843   0.685958
  56  -0.416633   1.695840   0.031155   0.232940  -0.099304  -0.077131  -0.000426   0.064554  -0.291260   0.013127   0.038474   0.171172   1.181712  -0.220920  -0.040191  -0.441529
  57   0.128468  -0.443175  -0.014506   0.009613   0.467985   0.483628  -0.062690  -0.784613  -0.021412  -0.016293   0.000919   0.027947  -0.070326   0.060078   0.018854   0.755766
  58   0.476440  -0.025619   0.049657   0.127116   0.427717  -0.072220   1.237852   0.144128   0.224886  -0.012396   0.073377  -0.039292  -0.286184   0.039620   0.446535  -0.409235
  59   0.545172   0.069137  -0.432678   0.228781  -0.141464  -0.150737  -0.094403   0.005027   0.097669   0.413557   0.642245   0.107867   0.159379   0.830260   1.019808  -0.132662
  60  -0.388884  -0.104815  -0.107174   0.470649   0.259422  -0.032798  -0.119390  -0.434385  -0.367556   0.007106  -0.122214   0.381501   0.309178  -0.041995   0.529192   0.290743
  61   0.221022   0.160584   0.178980   1.398651  -0.065468  -0.033636  -0.053883   0.099556  -0.093252  -0.686172   0.561470   0.396345   0.921289  -0.590098   0.368296  -0.341052
  62  -1.309269  -0.587741  -0.702672   0.061502   0.409149  -2.739455  -0.302339  -0.029902  -0.382278  -0.712389  -1.559809   0.089033   1.912636  -0.876449  -0.500756   0.095313
  63  -0.481953   1.419217   1.060417   1.474435  -0.899621  -0.922127   0.124304   0.264605  -1.573635   0.262226  -0.671122   0.367637   0.366424  -2.062440  -2.076982  -1.793744
  64   0.261389  -0.082578  -0.156956   0.253723  -0.595860  -1.915044  -0.708211  -1.633613  -0.830363  -1.809538  -0.397719  -1.688121  -0.517791  -2.225832  -1.553292  -1.312026
  65  -0.399935  -0.322399   0.145172   0.101141  -0.491193   0.323130  -0.256194  -0.141962  -0.138563  -0.154553  -0.319879  -0.137877   0.670307   0.155641  -0.030346   0.173171
  66   0.173043   0.773964  -0.702834   0.534888   0.365678  -0.761607   0.605446   0.103248   0.119908  -0.092686  -0.062988  -0.048159   0.834170   0.605812  -0.267695   0.114107
  67  -0.703057  -0.748447  -1.569982   0.468935  -1.303843  -1.486502  -1.597669   0.301068  -0.806560  -1.839995  -2.263537   0.107100  -0.437148  -1.223660  -0.969608   0.095269
  68  -1.000672  -0.862553  -0.467754  -0.256037  -0.984285  -1.160659  -1.384198  -0.086499  -0.681157  -1.204053  -1.166214  -0.408300   0.339448   0.047349   0.113064   0.051203
  69  -0.090193  -0.192188   0.540755   0.162137   0.123150  -1.298098  -0.482917  -0.009188   0.095741  -0.523323  -0.197938   0.036925  -0.142464  -0.373750  -0.116293   0.028349
