Training/Test    full-wt     crp-wt     full-0   full-150   full-500
    full-wt_Neighbor   0.165252   0.548276   0.000962   0.135037   0.229120
 full-wt_Neighbor_LS   0.163925   0.541167   0.000631   0.136512   0.224901
          full-wt_MI   0.167145   0.575961   0.000906   0.138857   0.232132
          full-wt_LS   0.146294   0.508942   0.001208   0.127908   0.205311
         full-wt_BVH   0.160065   0.551834   0.001020   0.134473   0.225291
         full-wt_dms   0.161920   0.571109   0.001034   0.135857   0.230544
     crp-wt_neighbor   0.168981   0.609950   0.001144   0.142519   0.238000
  crp-wt_neighbor_LS   0.161984   0.584928   0.000906   0.141733   0.231775
           crp-wt_MI   0.166754   0.586467   0.001349   0.139779   0.235112
           crp-wt_LS   0.146918   0.523551   0.001216   0.130540   0.210500
          crp-wt_BVH   0.161920   0.571127   0.001038   0.135846   0.230555
          crp-wt_dms   0.161920   0.571109   0.001034   0.135857   0.230544
     full-0_neighbor   0.013402   0.007117   0.016557   0.007743   0.015002
  full-0_neighbor_LS   0.017010   0.024099   0.021903   0.012461   0.019108
           full-0_MI   0.016899   0.021705   0.015426   0.006241   0.021873
           full-0_LS   0.018454   0.020963   0.011331   0.016207   0.023913
          full-0_BVH   0.019082   0.023486   0.011209   0.015602   0.025028
          full-0_dms   0.042324   0.158709   0.006314   0.066983   0.064580
   full-150_neighbor   0.154111   0.526978   0.001514   0.141780   0.221128
full-150_neighbor_LS   0.121440   0.400157   0.002073   0.135090   0.181076
         full-150_MI   0.156395   0.547276   0.001288   0.142333   0.224834
         full-150_LS   0.115111   0.399910   0.001939   0.118121   0.171319
        full-150_BVH   0.126513   0.442017   0.001514   0.125381   0.186553
        full-150_dms   0.126311   0.442120   0.001538   0.125484   0.186285
   full-500_neighbor   0.157200   0.540540   0.001083   0.134377   0.232174
full-500_neighbor_LS   0.148743   0.512620   0.001031   0.134988   0.232855
         full-500_MI   0.160694   0.561521   0.001237   0.137189   0.235242
         full-500_LS   0.138886   0.501303   0.001205   0.128954   0.207429
        full-500_BVH   0.156482   0.555743   0.000931   0.137192   0.229520
        full-500_dms   0.156227   0.555775   0.000970   0.137218   0.229105