pos     val_AA     val_AC     val_AG     val_AT     val_CA     val_CC     val_CG     val_CT     val_GA     val_GC     val_GG     val_GT     val_TA     val_TC     val_TG     val_TT
   3   0.176413  -0.644496   0.020935  -0.523060  -1.404374  -1.840252  -1.190133  -1.085901  -0.877697  -1.299061  -0.529736  -1.843343   0.179036  -0.187778  -0.330697   0.378390
   4   0.062207  -0.059850  -0.070236   0.039048  -0.426723  -0.058709  -0.480545  -0.027994  -0.287570  -0.849799  -0.601477  -0.412532   0.066326   0.061087  -0.027847   0.718602
   5  -0.766722  -0.337378  -0.975146   0.126923  -1.458523  -0.430142  -0.256707  -0.020407  -0.190814  -0.141782  -0.948259  -0.059332  -0.240767  -0.174614  -0.281562   0.122094
   6  -1.324183  -0.580538  -0.603151  -0.549308   0.490291  -0.948021  -0.296289  -0.642354  -1.038075  -1.249941  -0.844748  -0.330592  -0.647587  -0.994230   0.267927  -0.645845
   7   0.094435  -0.296703  -1.242073  -0.649169  -0.292784  -0.356101  -0.225649  -1.143064  -0.373948  -0.413114  -0.771565   0.250731   0.131244  -0.178688   0.351329  -0.808809
   8  -1.251996  -0.757323  -0.198595  -0.292215  -1.153403  -0.379104  -0.372802  -0.221093  -0.115839  -0.320441  -0.764982   0.050879  -1.195719  -1.156977   0.288360  -0.938645
   9  -1.255980  -0.594344  -0.415720  -0.802492  -1.078437  -2.359164  -0.556130  -0.512270   0.384205  -0.286766  -0.720420  -0.692698  -0.971031  -2.621399   0.324699   0.194356
  10   0.073582   0.358425   0.086478   0.455563  -0.748578  -1.810435  -0.267659  -0.591549  -0.375580  -0.586105  -0.669058  -0.838431  -0.354859  -0.575948  -0.701254  -0.720060
  11   0.695288   0.458915  -0.038275  -0.230622   0.002006   0.117489  -0.451930   0.204441  -0.090967  -0.007418   0.005280  -0.031063  -0.032528   0.971075   0.028491   0.206920
  12  -0.360015  -0.129460  -0.342080   0.043297  -0.333327   0.070554  -0.370140   0.214293   0.395752   0.040758  -0.658692  -0.042880  -0.199783  -0.104969  -0.153497   0.028670
  13  -0.068429  -0.252515  -0.339489  -0.753396   0.049097  -0.683355  -0.575098  -0.520637  -0.070724  -0.623582  -0.600484  -0.690365   0.043213   0.045311  -0.000296   0.004147
  14  -0.099041  -0.157382   0.049164   0.159276  -0.190311  -0.055785   0.029262  -0.667798  -0.588824  -0.679692   0.050119  -0.587130  -0.115432   0.499699  -0.135893  -0.915661
  15   0.074546  -0.270366   0.279713   0.214706   0.157587  -0.212838   0.030382  -0.063808   0.330232  -0.006253  -0.004162   0.070115  -0.079056   0.013874   0.156056  -0.432656
  16  -1.206143  -1.597805  -0.601953   0.469162  -0.729367  -0.834994  -0.471864   0.063697  -0.652796  -0.280544  -0.568304   0.102588  -0.887766  -0.044684  -0.355226   0.120056
  17  -1.733388  -0.805963  -0.398730   0.188274  -0.243679  -0.854654   0.217706   0.148349  -2.103034  -0.232870  -0.152839  -1.054149  -0.756323   0.285842  -1.748817  -0.405887
  18  -0.933340   0.107223  -0.930712  -1.066209   0.324724  -0.693391  -0.858893  -0.235957  -1.667127  -0.054649  -0.340494  -2.483595  -1.646394  -0.140476   2.619191  -0.192456
  19  -0.112719   0.249462  -0.939684  -0.566313  -0.567586  -0.518335  -0.890274  -0.999861   0.529472  -0.199049  -1.017149  -0.641409  -0.851134  -0.337163  -0.138869   0.092051
  20   0.713084   0.021536  -0.296953  -0.282513   0.794760  -0.215561   0.453804   0.069267   0.808654  -0.463373  -0.580527  -1.388420   0.833911  -0.303763   0.319426  -0.983751
  21   0.927709   0.848772   0.218640   0.603190   0.320293  -0.334049  -0.563718   0.060888   0.800458   0.228474   0.163688   0.534824   0.227957  -0.151268  -0.147395   0.167209
  22   0.492744  -0.361000  -0.560104   0.365364  -0.054893  -0.118508  -0.437659   0.221754  -0.006460  -0.836218  -1.122910   0.606017   0.262192  -0.264823  -0.201364   0.724105
  23   0.157228  -0.865367  -1.613005   0.150454  -0.290378  -0.638447  -1.334153  -0.107511  -0.216578  -0.999820  -1.340158  -0.400804   0.256906  -0.863920  -1.074070   0.514946
