pos      val_A      val_C      val_G      val_T
   3   0.000000  -0.064746  -0.029706  -0.015579
   4   0.000000  -0.038127  -0.052318  -0.016655
   5   0.000000   0.006082   0.003040   0.009540
   6   0.000000   0.004451  -0.029775   0.045222
   7  -0.084049  -0.101122   0.000000  -0.084909
   8  -0.064954  -0.088530  -0.093251   0.000000
   9  -0.103285  -0.099296   0.000000  -0.085287
  10   0.000000  -0.056173  -0.069139  -0.086144
  11   0.006282   0.032524   0.000000   0.018460
  12  -0.008406   0.036920   0.000540   0.000000
  13  -0.022466  -0.026407   0.001155   0.000000
  14   0.000000  -0.031406  -0.006413  -0.013686
  15  -0.046107  -0.012566   0.000000  -0.038833
  16   0.044778   0.000000   0.020584  -0.015173
  17  -0.105000  -0.085993  -0.085222   0.000000
  18  -0.103537   0.000000  -0.112189  -0.043812
  19   0.000000  -0.074410  -0.048086  -0.041472
  20  -0.048327   0.000000  -0.101343  -0.058023
  21   0.126241  -0.003876   0.070857   0.000000
  22   0.037744   0.000000   0.005778   0.011694
  23   0.000000  -0.006552  -0.049489   0.067223
  24  -0.001944  -0.039253  -0.063855   0.000000
