pos      val_A      val_C      val_G      val_T
   3   0.000000  -0.004367  -0.009861  -0.003933
   4   0.000000  -0.019138  -0.012009   0.022897
   5   0.000000   0.002736  -0.004749   0.017975
   6   0.000000   0.007591  -0.035982   0.011098
   7  -0.051368  -0.042629   0.000000  -0.025301
   8  -0.013416  -0.052104  -0.029047   0.000000
   9  -0.041687  -0.064361   0.000000  -0.033492
  10   0.000000  -0.039605  -0.030272  -0.029742
  11   0.001761   0.011284   0.000000   0.024281
  12  -0.001055   0.021603   0.012297   0.000000
  13  -0.007076  -0.004127  -0.029668   0.000000
  14   0.000000   0.001351   0.005744  -0.005889
  15  -0.012193   0.000781   0.000000  -0.017965
  16   0.030847   0.000000  -0.008250  -0.001685
  17  -0.035536  -0.036217  -0.040713   0.000000
  18  -0.015987   0.000000  -0.046507  -0.035931
  19   0.000000  -0.033762  -0.031986  -0.043782
  20  -0.027728   0.000000  -0.058457  -0.035147
  21   0.056712  -0.016675   0.034714   0.000000
  22   0.041884   0.000000   0.028118   0.010957
  23   0.000000  -0.016400  -0.020887   0.005518
  24   0.003254  -0.013088  -0.040955   0.000000
