pos     val_AA     val_AC     val_AG     val_AT     val_CA     val_CC     val_CG     val_CT     val_GA     val_GC     val_GG     val_GT     val_TA     val_TC     val_TG     val_TT
   3   0.072109  -0.669828  -0.758211   0.882179  -0.096055   0.593161   0.849618  -0.150903  -0.231009  -1.273963   0.235258  -0.426937   0.006246   0.101391  -0.121527   0.063651
   4  -0.003272   0.017160  -0.061270   0.050944   0.045142  -0.770340   0.346331  -0.028962  -0.062520   0.092254   0.163227  -0.646189   0.068515  -0.245398  -0.123944   0.455205
   5  -0.028672  -0.032689  -0.042934   0.004400   0.414051  -0.213312  -0.510179  -0.014135   0.462881   0.605627  -0.544236  -0.072754   0.125809   0.029074   0.150095   0.023312
   6   0.767954   0.188976  -0.040742  -0.422844  -0.875464  -0.238047   0.063266  -0.890358  -0.107485  -0.931586  -0.001251  -0.122380   0.093990   0.088886  -0.009878   0.076246
   7   0.869965   0.693148  -0.165160   0.054200   1.186658  -0.564052  -0.241510   0.005538  -0.025926   0.143352   0.030255  -0.015035  -0.274314  -1.625789   0.445953   0.078823
   8   0.085740  -0.119289   0.099935  -0.111168  -0.076151  -0.514795   0.040352   1.115836  -0.322458   0.772828   0.035181   0.234406   0.109737  -0.007679  -0.007192  -0.107978
   9   0.054026   0.157238   0.299697   0.420653   0.003633   0.075269  -0.979276   0.327633   0.002094   0.000904  -0.058171  -0.007357  -0.015020  -0.414364   0.178681  -0.553075
  10   0.136979   0.013917  -0.007757   0.093839   0.356159  -0.309204  -0.003980  -0.110491   0.095586   0.012724  -0.103310   0.462751   0.212628   0.975862  -0.011121  -0.549997
  11   0.137626  -0.773649  -0.159326   0.172430  -0.070399   0.597094  -0.015131   0.026285   0.131962  -0.125251  -0.026706  -0.013056  -0.828799  -0.623113  -0.144922   0.125475
  12   0.038136  -0.127326   0.053176   0.097589  -1.439723  -1.839379  -0.470652  -0.019515   0.610165  -0.850362  -0.241273  -0.032518   0.036264   0.015671  -0.112650   0.004065
  13   0.034932  -0.740438  -0.011578   0.660694  -0.081495  -1.197252   0.099592   0.771865  -0.095191  -0.552444  -0.246480  -0.480448   0.000941  -0.028827   0.114357   0.025129
  14   0.123439  -0.071889  -0.014485   0.170904  -0.322945  -0.013678  -0.091823  -0.084535  -0.266442   0.564701   0.129342  -0.367757   0.624520  -0.395349   0.018610   0.525058
  15   0.793276   0.087978  -0.218094   0.239161  -0.289029  -0.076718  -0.465842   0.522280   0.030621  -0.017672   0.085930  -0.002429   0.573354   0.137163  -0.685735   0.599401
  16   0.630176  -1.281136   1.416139   0.074403   0.062847   0.068099  -0.188028  -0.005944  -0.454959   0.564922   1.156780  -0.047630  -0.306588  -0.573777  -0.111163   0.078818
  17  -0.382438   0.061161   0.019223   0.260432  -0.039539   0.000550  -0.305218   0.537976   0.737144  -0.120154  -0.283376   0.233984   0.011631  -0.014033   0.039258   0.207328
  18  -0.017808  -0.092453   0.578342   0.019320  -0.007488   0.003929  -0.136640  -0.086547   0.029867  -0.317547  -0.270009   0.068425   0.110728  -0.025526   1.785148   0.302595
  19  -0.138093   0.001838  -0.021667   0.073586   0.231023  -0.007763   0.425891  -0.379901   0.781191   0.071803  -0.625183   0.117727   2.753595  -0.207734  -0.180801   0.981538
  20   0.160999   0.119850   0.866374  -0.021453   0.111526  -0.000228  -0.128057  -0.004427   1.002493   0.206504   1.110031  -0.111980   0.366104  -0.321672   0.352778   0.085068
  21   0.448663   0.137304  -0.032752   0.232003   0.546491  -0.128336   1.181127  -0.404138  -0.698415   0.051437  -0.179129  -0.510189   0.117256  -0.008954  -0.101363   0.041880
  22   0.091279  -0.117979   0.465337   0.425832   0.004933  -0.061030  -0.164460  -0.029834   0.003556  -1.467237  -0.076797  -0.229652  -0.017857   0.191454   0.499992   0.147282
  23   0.041634   0.461736   0.391820  -0.022549   0.209822   1.471018   0.641005  -0.156591  -0.429568  -0.100999   0.573065  -0.095043  -0.517026   0.903598   0.120105  -0.000119
