pos      val_A      val_C      val_G      val_T
   3   0.000000  -0.242323  -0.245301  -0.053802
   4   0.000000  -0.199743  -0.206312   0.051664
   5   0.000000  -0.019572  -0.061098   0.031665
   6  -0.292102  -0.207897  -0.365775   0.000000
   7  -0.304903  -0.393370   0.000000  -0.194128
   8  -0.160850  -0.254918  -0.339689   0.000000
   9  -0.322517  -0.418311   0.000000  -0.304580
  10   0.000000  -0.186997  -0.335745  -0.319468
  11  -0.077920   0.124097   0.000000   0.126711
  12   0.042712   0.155470   0.081899   0.000000
  13  -0.132402  -0.033419  -0.042584   0.000000
  14   0.000000  -0.100667  -0.027150  -0.050320
  15  -0.128959  -0.082959   0.000000  -0.136082
  16   0.169490   0.000000   0.026589  -0.007110
  17  -0.281245  -0.310076  -0.261725   0.000000
  18  -0.323196   0.000000  -0.422364  -0.196092
  19   0.000000  -0.300810  -0.158352  -0.202709
  20  -0.204585   0.000000  -0.341872  -0.214978
  21   0.461169  -0.017766   0.256619   0.000000
  22   0.169434   0.000000   0.013381   0.148593
  23   0.000000  -0.129312  -0.196142   0.162526
  24  -0.086775  -0.109193  -0.167754   0.000000
