pos     val_AA     val_AC     val_AG     val_AT     val_CA     val_CC     val_CG     val_CT     val_GA     val_GC     val_GG     val_GT     val_TA     val_TC     val_TG     val_TT
   3   0.273281  -0.554419   0.760661  -0.324263  -1.728339  -1.660338  -0.673762  -1.207038  -0.964314  -0.455212  -1.665860  -1.400040   0.085204  -0.304798  -0.231342   0.209643
   4   0.022592  -0.112961   0.050138  -0.061265  -0.372840   0.584809  -1.521091   0.959375  -0.273120  -1.290816  -0.768130   0.336513   0.086576  -0.607697   0.062416   0.992821
   5  -0.467942  -0.384424  -0.636573   0.043328  -1.607497  -1.967301   1.155952  -0.085493  -0.959647   1.017819  -0.608198  -0.041994   0.213989  -0.139301  -0.330234   0.040236
   6   0.557153  -0.420928  -0.523536  -0.136173  -1.080152  -0.859376  -0.281086  -1.778593   0.957392   2.350889  -0.695815  -0.765553  -0.584131  -0.938935   0.103062  -0.561715
   7  -0.619757   1.016446   0.227410  -0.610694  -0.191342  -1.019426   0.522294  -0.872980  -0.295283  -0.500877  -0.587576   0.097530  -0.550943  -1.350857   0.162692  -0.587598
   8   0.109703  -0.859998  -0.418145   1.656986  -0.729431   0.509142  -0.499514   0.415241   0.486866  -0.957293  -0.569016   0.424712  -0.858165  -0.850303   0.109406  -0.696271
   9  -0.959036  -2.050926   1.023727   0.923523  -0.978343  -0.332780   0.518331   0.413673   0.129983  -0.249744  -0.679183  -0.842554  -0.606968   0.084144  -0.291191   0.232760
  10  -0.095915   0.168928   0.035904   0.324087  -0.171173  -0.474641  -0.302260  -0.396603  -0.744578   0.220465  -0.622188  -0.343350  -0.338410  -0.747239  -0.594939  -2.915215
  11   0.205403   0.775459  -0.074243  -0.209288   1.056637  -0.067005   0.921572   0.092419  -0.006895   0.233919   0.117638  -0.025014  -0.063702   1.648642   0.393475   0.152312
  12   0.227709   0.755019  -1.630840   0.049383  -0.421474  -0.923784   0.428027   0.381184  -0.108026  -1.244642  -0.133993   0.234583  -0.404151   0.044812  -0.075092  -0.004256
  13  -0.425447   0.234388  -0.329186   0.290984   0.020411  -0.742380  -0.463771  -0.016353  -0.134891   1.371571   0.492727  -0.958759   0.042053  -0.317315  -0.011970  -0.245529
  14  -0.142306  -0.183296   0.040604  -0.116080  -0.958434  -0.177814  -0.171342  -1.305082  -2.289263  -0.032736   0.012396   0.337348  -0.758737   0.037387  -0.197161  -0.951234
  15  -0.371952  -0.365691   1.041064   0.349510  -0.058491  -0.214870  -0.319451   0.448817   0.406719   0.000677   0.086771  -0.043342   0.028036  -0.192221  -0.261095  -0.349115
  16  -0.273565  -1.989312  -0.373895   0.398122  -0.569255  -0.396600  -0.526832   0.013282  -0.534525  -0.081219  -1.559114   0.147280   0.673893   0.316270  -0.602010  -0.041754
  17   0.828286  -0.662894   0.674588   0.277170   0.942520  -0.563593   1.261426   0.170861   0.370282  -0.546394  -1.043148  -1.035101  -0.730254   0.107373  -0.940176  -0.585474
  18  -0.535375  -0.010656   0.287637  -0.789484   0.116482  -0.662867  -0.788240  -0.365236  -0.808911  -0.097215  -0.215437  -0.837822  -0.721362   0.180166   1.471122  -0.809687
  19  -0.432723   0.110136  -0.804110  -0.443094   0.866158  -0.741716   0.307787  -0.239339   0.208939  -0.557972  -0.310211  -0.654813  -0.297932  -0.489323   0.797470  -0.828066
  20  -1.042550   0.444497  -2.060820  -0.286961   0.875789  -0.260473   0.523126  -0.003649  -0.245301   0.222598  -0.924596  -0.678882  -0.497193   0.676504   0.011736  -0.556422
  21  -0.124075   0.761692  -0.054989   0.804495   0.509810  -0.335072  -0.152403   0.486538   0.428774   0.418829   0.019488   0.283806   0.347934  -0.100680   0.042870   0.127519
  22   0.396544   0.380812  -0.773644  -0.079824  -0.041357  -0.215821  -0.408260   0.351469   0.011763  -0.264451  -0.267841   0.564761   0.166321   0.289332  -0.315078   0.124962
  23  -0.344067  -0.923096  -1.004066   0.055049  -0.034107  -0.210562  -1.097980  -0.140509  -0.114788  -0.224104  -0.012909  -0.464362  -0.940415  -1.271020  -1.562455   0.460229
