pos      val_A      val_C      val_G      val_T
   3   0.000000  -0.148970  -0.170796  -0.010333
   4   0.000000  -0.102333  -0.106362   0.022424
   5   0.000000  -0.117131  -0.000051  -0.006312
   6  -0.219497  -0.166669  -0.211154   0.000000
   7  -0.168384  -0.267873   0.000000  -0.084277
   8  -0.087760  -0.146646  -0.211299   0.000000
   9  -0.180914  -0.262965   0.000000  -0.163392
  10   0.000000  -0.118314  -0.161717  -0.206788
  11   0.023137   0.073627   0.000000   0.064160
  12   0.037235   0.087813  -0.023918   0.000000
  13  -0.014956  -0.034023  -0.070339   0.000000
  14   0.000000  -0.072710   0.009811  -0.036653
  15  -0.073214  -0.092339   0.000000  -0.050442
  16   0.257822   0.000000  -0.018408   0.028462
  17  -0.268905  -0.276888  -0.152570   0.000000
  18  -0.171990   0.000000  -0.234981  -0.098275
  19   0.000000  -0.215074  -0.065281  -0.074118
  20  -0.122100   0.000000  -0.248370  -0.176055
  21   0.621448  -0.005005   0.212841   0.000000
  22   0.138639   0.000000   0.063506   0.097434
  23   0.000000  -0.225062  -0.213393   0.119716
  24  -0.051536   0.060762  -0.123232   0.000000
