pos     val_AA     val_AC     val_AG     val_AT     val_CA     val_CC     val_CG     val_CT     val_GA     val_GC     val_GG     val_GT     val_TA     val_TC     val_TG     val_TT
   3   0.390595   0.107861  -0.203682  -0.612800  -0.988825  -0.439149  -1.243499  -1.200632  -0.571087   0.279693  -0.311564  -1.190685   0.052131  -0.352090  -0.310362   0.177094
   4   0.025536  -0.164103   0.042588  -0.013971  -0.292848  -1.158351  -0.429388   0.130239  -0.391634   0.001559  -0.011416  -0.030235  -0.001343   0.750476  -0.102080   0.815675
   5  -0.206573  -0.190652  -0.389501   0.028636  -0.578046   0.207679   0.334837  -0.162767  -1.892157   0.620789   0.006010   0.046212   0.449179  -0.246701  -0.561375   0.060968
   6  -0.349614  -0.049732  -0.239077  -0.206530  -1.269706   0.776815  -0.168543   0.396873   0.287421  -0.205689  -0.420576   0.305342  -0.388308  -0.392377   0.063965  -0.228439
   7  -1.713900  -0.902862  -0.474205  -0.366910  -1.310339  -0.625864   0.036987  -0.329506  -0.228059  -0.155693  -0.428679   0.062284   0.311718   1.243290   1.179471  -0.292709
   8   0.871214  -0.559426  -0.274259  -1.156639  -0.145875  -0.642206  -0.173434   0.775484   0.165000   0.346068  -0.503192   1.502873  -0.443769  -0.243881   0.067826  -0.448709
   9  -0.486264   0.602648   0.858212   0.196127  -0.322408   1.022608   0.207731   0.179370   0.080573  -0.240390  -0.306197  -0.421387  -0.334566  -1.471725  -0.122004  -0.114658
  10  -0.069399   0.279630   0.015849   0.220457  -1.589521  -0.292435  -0.169658  -0.061853   0.537845   0.869370  -0.347675  -0.277894   0.792051  -0.737177  -0.421029  -0.601905
  11   1.046219  -0.039218   0.152794  -0.077253   0.725419   0.446458   0.574412   0.188155  -0.127804   0.283096  -0.016542  -0.024769   0.596725  -0.191461  -0.104329   0.141475
  12  -0.518208   0.119466  -0.762291   0.031524   0.555840   0.014859  -1.288112   0.279522   0.523708  -0.176122  -1.281023   0.036471  -0.185881  -0.083443  -0.224246   0.006978
  13  -0.118113  -0.094225  -0.603292   0.116858  -0.088447  -0.490624   0.021478   0.361490  -0.291142   0.403629   0.117705  -0.827293   0.033454  -0.208024  -0.044570  -0.088466
  14  -0.051878   0.117815   0.017850  -0.041381  -0.531753  -0.602166  -0.146083  -0.746880  -0.768887  -0.899925   0.031408  -0.655510   0.084794  -0.992881  -0.048109  -0.455755
  15   0.478988  -0.133541  -0.325453   0.060638  -0.759030  -0.020249   0.104910   0.354868   0.457877  -0.015311   0.087018  -0.123653   1.068600  -0.167069  -0.112641  -0.116748
  16  -0.601093  -0.937041  -0.225000   0.508731  -0.283986  -0.223875  -0.187912  -0.008684  -0.748754   0.796670   0.292316   0.069441  -0.914311  -0.538269  -0.237884  -0.019097
  17  -0.163570  -0.449957   0.102357   0.382110   0.085416  -0.364916   0.372545   0.808302   0.135563  -0.190453  -0.276390   0.604053  -0.452118   0.063663  -0.314131  -0.218537
  18  -0.394285  -0.459054  -0.371929  -0.117299   0.072650  -0.341156  -0.387301  -0.365367  -0.271076   0.017113  -0.663018  -0.248372  -0.309007   0.358559   1.438936   0.980378
  19  -0.217851   0.076218  -0.455734  -0.299433   1.016561  -0.384976   0.243319  -0.204332  -0.087864  -0.317955   0.340597  -0.291561   0.246151  -0.367651   0.497414  -0.152762
  20  -1.527218   0.395048  -2.380249  -0.019283   1.087608  -0.179956   0.645106  -0.076746  -0.778033  -0.226313  -2.758664  -0.226380  -0.579058  -0.405991   0.356579  -0.281437
  21   0.178566   0.984285   2.853172   0.372800   0.296650  -0.266700  -0.018284   0.097841   0.797772   0.357514   0.416926   1.713902   0.295190  -0.124496  -0.025989   0.021015
  22   0.360353  -0.014898   0.317474  -0.125302  -0.046666  -0.320376  -0.382097   0.430459   0.109092  -0.501104  -0.050949   0.418112   0.119465   0.664844   0.316491   0.092405
  23  -0.031881   0.195338  -0.603291   0.002165   0.437522  -0.043294  -0.758794  -0.261263  -0.770551   1.910938  -0.878407  -0.314316   0.147650  -0.190066  -0.414942   0.428612
