pos     val_AA     val_AC     val_AG     val_AT     val_CA     val_CC     val_CG     val_CT     val_GA     val_GC     val_GG     val_GT     val_TA     val_TC     val_TG     val_TT
   3  -0.109148   0.185645  -1.265109  -0.135197  -0.209695   0.048302  -0.537455  -0.154757  -0.066451  -0.078494   0.616683  -0.232763   0.033307  -0.322964  -0.283422   0.169977
   4   0.023176  -0.012449  -0.104195   0.022116  -0.439817   0.274806   0.807778   1.217371  -0.308231  -0.544144  -0.001122   0.012575   0.157182  -0.374540   0.263792   0.183179
   5  -0.270781  -0.020607  -0.589452   0.024890  -1.592035   0.041731  -0.547121   0.060705  -0.723591  -0.565732  -0.116017  -0.000824  -0.428111  -0.809248   0.102887   0.132600
   6   0.195969   0.724949  -0.433574   0.300609  -0.862567  -0.264595  -0.004256  -0.417000  -0.468638   0.481555  -0.549523  -0.466277  -0.503816  -0.549676   0.086890  -0.408230
   7   1.015295   1.353014  -0.263844  -0.623353   0.935868  -0.246238  -0.987628  -0.570608  -0.221623  -0.426628  -0.365179   0.088438  -0.060165   0.086864   0.069874  -0.441164
   8   0.018655   0.300752  -0.150428   0.024366   1.522126   0.063108  -0.370119  -1.420104   0.034100  -0.069395  -0.391364   0.078033  -0.567712  -0.763341   0.085114  -0.327899
   9  -0.496132  -0.353948  -0.433105   0.438360  -0.629481  -0.426673  -2.089949  -0.391227   0.103551  -0.193363  -0.459296  -0.452340  -0.387326  -0.811272   0.768280  -0.513463
  10   0.020513   0.182125   0.037489   0.064357  -0.534528  -1.197856  -0.188784  -0.518946   0.618459  -0.162652  -0.538921  -0.409266   0.139997  -0.128337  -0.490662   0.215100
  11   0.608049   0.435961   0.463592  -0.063165   0.186801  -0.360898   0.408670   0.116307   0.032554   0.129189   0.081785  -0.015331   0.103571   0.502934   0.307422  -0.003858
  12   0.919996  -0.209139  -0.742637   0.085597   0.950261  -0.101912  -0.481260   0.162173  -0.321391  -0.633897  -1.041416   0.201360  -0.112199   0.040775  -0.057183  -0.007966
  13  -0.073529   0.506502  -0.132830  -0.455201   0.012756  -0.545672   0.440183  -0.080257  -0.133355  -0.088772   0.081454  -0.076613   0.017250  -0.126946  -0.053672  -0.037304
  14   0.023145  -0.046113   0.009480   0.030705  -0.083892  -0.247403  -0.096111  -0.095197  -0.107369   0.450769  -0.016460  -1.006463  -0.139456  -0.614020  -0.048273   0.264857
  15  -0.647733  -0.059931   0.982771   0.496405  -0.359259  -0.051759   0.300568  -0.024267   0.029734  -0.003288  -0.013852   0.078836   0.369684  -0.008322   0.000789  -0.277937
  16   0.302023   0.023972  -0.362845   0.024404  -0.527619  -0.438478  -0.297894   0.026062  -0.070832  -0.189399   0.469151   0.095784  -0.546268  -0.323544  -0.422680   0.114635
  17   0.863562  -0.638875   1.421661   0.291573   0.823922  -0.620094   0.370420   0.762759  -0.527977  -0.292113   0.320075  -0.365996  -0.496995   0.097539  -0.631254  -0.395120
  18  -0.427681   0.928825  -1.016680  -0.827794   0.086492  -0.439533  -0.332403  -0.112821  -0.534458  -0.890352   0.447558  -0.162064  -0.491323  -0.013084   1.662997  -0.392142
  19  -0.141631   0.082125  -0.618995  -0.420869   0.430719  -0.387797  -0.045907  -0.496125  -0.081971  -0.166821  -0.271565   0.649413  -0.036667  -0.221968   0.022681   0.637628
  20   1.262301   0.446087  -0.644520  -0.143213   0.569681  -0.008468   0.311359   0.023149   0.281980  -1.196291  -0.680552  -0.546204  -0.740682   0.252882  -0.029237  -0.375160
  21   0.036430   0.507693   0.932772  -0.124028   0.373214  -0.048855  -0.085966  -0.536149  -0.636566   0.231064  -0.183910   0.272147   0.213042  -0.039123   0.064873   0.070178
  22   0.238134   0.564100   0.071028  -0.615633  -0.005509  -0.107091  -0.362684   0.129991   0.125174  -0.641472  -0.418924  -0.180996   0.072405  -0.405888   0.396079   0.485452
  23   0.001326   0.025121  -0.276804   0.020514   0.885031  -0.655690  -0.298612  -0.148295   0.035284  -0.260973   1.513171  -0.381998   0.110763   0.436488  -0.726838   0.097286
