pos      val_A      val_C      val_G      val_T
   3   0.000000  -0.045417  -0.069008   0.016493
   4   0.000000   0.024390  -0.022051   0.031054
   5   0.000000  -0.044491  -0.009145   0.042755
   6   0.032385   0.028175   0.000000   0.068209
   7   0.004590   0.029555   0.000000   0.086702
   8  -0.036882   0.013042  -0.015111   0.000000
   9   0.013527  -0.029764   0.000000   0.034277
  10   0.000000  -0.039347  -0.048459  -0.016743
  11   0.109457   0.035285   0.000000   0.095747
  12   0.023964  -0.074693  -0.063937   0.000000
  13   0.051740  -0.055070  -0.081351   0.000000
  14   0.000000   0.077044  -0.011199  -0.031759
  15   0.053410  -0.065679   0.000000   0.118777
  16   0.012958   0.000000  -0.041536   0.035089
  17   0.045199   0.015770  -0.042423   0.000000
  18   0.065919   0.000000   0.069062   0.198684
  19   0.000000  -0.030356   0.061647  -0.023080
  20  -0.043705   0.000000  -0.053362  -0.033405
  21   0.067995   0.042803   0.086066   0.000000
  22  -0.012718   0.000000  -0.063028   0.001697
  23   0.000000  -0.117523  -0.065203   0.015856
  24   0.006044   0.129817  -0.027529   0.000000
