pos      val_A      val_C      val_G      val_T
   0   0.000000  -0.087197  -0.042042   0.105094
   1  -0.121890   0.000000  -0.185922  -0.077774
   2   0.000000   0.009887   0.407012   0.009837
   3  -0.097224   0.000000  -0.058667  -0.067935
   4  -0.167496   0.000000   0.192613  -0.168603
   5   0.000000  -0.154098  -0.188022   0.020788
   6  -0.224655  -0.178087   0.000000  -0.197378
   7   0.000000  -0.065422  -0.136679  -0.098119
   8  -0.262788   0.000000  -0.222456  -0.218523
   9   0.000000  -0.206275   0.019796  -0.203928
  10   0.023872   0.213361   0.000000   0.216531
  11  -0.228057  -0.224085  -0.303132   0.000000
  12  -0.239259  -0.210093   0.000000   0.000271
  13   0.000000  -0.361534  -0.227179  -0.315517
  14  -0.376524   0.000000  -0.364477  -0.417691
  15  -0.337025  -0.461996   0.000000  -0.628874
  16  -0.295811  -0.247183  -0.372986   0.000000
  17  -0.033911   0.000000  -0.129350  -0.153154
  18   0.000000  -0.249555  -0.208090  -0.175649
  19  -0.057654  -0.167640   0.000000  -0.178013
  20  -0.251507   0.000000  -0.154439   0.030695
  21   0.104733   0.077431   0.077154   0.000000
  22  -0.056713   0.006090   0.000000  -0.104671
  23   0.076417   0.000000  -0.010055   0.015004
  24  -0.033578   0.000000  -0.041460   0.018813
  25   0.000000  -0.008048   0.069337   0.071896
  26   0.112434   0.094078   0.000000   0.075868
  27   0.000000  -0.012224   0.015573   0.057500
  28  -0.039102  -0.012259  -0.028755   0.000000
  29  -0.047117   0.000000  -0.045995   0.029914
  30   0.109875   0.000000   0.005513  -0.023528
  31  -0.093274   0.000000  -0.124131  -0.010556
  32   0.000000  -0.175541  -0.032726  -0.111071
  33  -0.088670   0.073207  -0.186438   0.000000
  34   0.001416   0.012240   0.000000   0.254146
  35   0.285733   0.055191   0.000000  -0.014300
  36   0.259753   0.000000   0.196619   0.138022
  37  -0.309261   0.000000  -0.320190  -0.271947
  38  -0.312015  -0.318419   0.000000  -0.420959
  39  -0.400487  -0.402269  -0.412870   0.000000
  40  -0.190255   0.000000  -0.343719  -0.475047
  41   0.000000  -0.320156  -0.362241  -0.383230
  42  -0.232914  -0.076289  -0.012693   0.000000
  43   0.000000   0.073104   0.005469   0.026370
  44  -0.081855   0.000000  -0.027593  -0.046070
  45   0.137404   0.024203   0.143937   0.000000
  46  -0.115767   0.162510   0.000000  -0.074957
  47  -0.463897  -0.389885  -0.483203   0.000000
  48  -0.542805  -0.493214   0.000000  -0.261644
  49   0.000000  -0.681758  -0.443012  -0.542001
  50  -0.694898   0.000000  -0.574115  -0.574780
  51  -0.638562  -0.582260   0.000000  -0.703146
  52  -0.270201  -0.089923  -0.405457   0.000000
  53   0.016110   0.000000  -0.089679  -0.188551
  54  -0.269524  -0.175816  -0.169303   0.000000
  55   0.024399  -0.158061   0.100317   0.000000
  56  -0.201320  -0.141791  -0.202301   0.000000
  57  -0.017100   0.000000   0.031832  -0.007292
  58   0.000000  -0.039875  -0.053063   0.121746
  59   0.011426   0.233589   0.000000   0.065537
  60   0.000000   0.052167  -0.122603  -0.008691
  61  -0.070476   0.000000  -0.084510  -0.062050
  62   0.000000   0.025078   0.211247   0.045377
  63   0.088982   0.000000   0.194515   0.132510
  64   0.097637   0.000000   0.241855   0.145623
  65   0.038818   0.000000   0.130831  -0.090757
  66   0.126533   0.000000   0.136875   0.091801
  67   0.000000  -0.341230  -0.223098  -0.194697
  68  -0.375075  -0.087720  -0.334196   0.000000
  69  -0.552476  -0.464080  -0.601074   0.000000
  70  -0.712710  -0.594260   0.000000  -0.225983
  71   0.000000  -0.861491  -0.584733  -0.758273
  72  -1.114736   0.000000  -0.937576  -0.952117
  73  -0.866429  -0.932193   0.000000  -1.082833
  74  -0.707969  -0.643498  -0.869714   0.000000
  75  -0.218259   0.000000  -0.614947  -0.631702
  76   0.000000  -0.638850  -0.612088  -0.626770
  77   0.000000  -0.459544  -0.102548  -0.387338
  78  -0.356844  -0.233903  -0.464944   0.000000
  79  -0.076768  -0.022742   0.000000  -0.065532
  80  -0.043743   0.009579   0.000000  -0.056544
  81  -0.079158  -0.032801   0.000000  -0.083993
  82   0.000000   0.040409   0.023772  -0.023066
  83   0.023853   0.048687   0.000000   0.135121
  84   0.000000   0.146644   0.263514   0.045147
  85   0.000000  -0.002751   0.052207  -0.011730
  86  -0.009988   0.000000  -0.052527  -0.048902
