pos     val_AA     val_AC     val_AG     val_AT     val_CA     val_CC     val_CG     val_CT     val_GA     val_GC     val_GG     val_GT     val_TA     val_TC     val_TG     val_TT
   0   0.005840   0.007624  -0.005635   0.016557   0.000151   0.001374  -0.005456   0.009009  -0.010616   0.006162  -0.013339  -0.008025  -0.001588   0.022837  -0.023463  -0.001432
   1  -0.001015   0.000416   0.000777  -0.006390   0.002493  -0.002313   0.044537  -0.006720  -0.011801  -0.014806  -0.005467  -0.015820   0.002937  -0.002875   0.011783   0.004264
   2  -0.005518  -0.007089   0.002514   0.002708  -0.010305   0.011820   0.003893  -0.024986  -0.000600   0.038148   0.011438   0.002643  -0.017645   0.002279  -0.007172  -0.002128
   3  -0.006092  -0.010811   0.002978  -0.020143  -0.009691   0.011447   0.039657   0.003745   0.007277   0.002720   0.018634  -0.017958  -0.001947  -0.004463  -0.019109   0.003756
   4  -0.007466   0.001873  -0.012444   0.007584   0.009716  -0.005292  -0.004054  -0.001478   0.010544  -0.001942   0.009813   0.023746  -0.019455   0.006572  -0.005049  -0.012668
   5  -0.012655  -0.001852   0.015724  -0.007879   0.013628  -0.017287   0.008039  -0.003169   0.008395   0.005901  -0.009650  -0.016378  -0.012609   0.002095   0.017458   0.010238
   6  -0.006340  -0.008164   0.002994   0.008269  -0.004744  -0.001426  -0.002391  -0.002582   0.016795   0.015647  -0.004814   0.003943  -0.002918   0.004315  -0.005064  -0.013520
   7  -0.014202   0.014550  -0.000562   0.003006   0.004317   0.000547   0.000195   0.005313  -0.001826  -0.003106  -0.006428   0.002086   0.009171   0.003392  -0.005111  -0.011342
   8   0.001764  -0.015834  -0.005501   0.017032   0.030465  -0.002397   0.002928  -0.015613  -0.004719  -0.009682   0.009009  -0.006513  -0.009384   0.008867   0.002889  -0.003310
   9  -0.008115   0.016487  -0.010651   0.020404  -0.000538  -0.003381  -0.016450   0.001324  -0.012912   0.002351   0.010782   0.009103   0.010497   0.002791  -0.012657  -0.009035
  10   0.003623  -0.021206   0.003192   0.003324  -0.001415   0.016311  -0.009741   0.013093  -0.014641  -0.005209  -0.013695   0.004568   0.009424   0.000503  -0.003571   0.015439
  11  -0.002244   0.011398  -0.006111  -0.006052   0.002595  -0.000364  -0.018333   0.006501   0.007852  -0.003572  -0.021398  -0.006695  -0.009232  -0.005885   0.027726   0.023815
  12  -0.006990   0.006683   0.012898  -0.013620  -0.003357   0.019094  -0.010463  -0.003697   0.017295  -0.013949  -0.015576  -0.005886   0.003675  -0.022341   0.020639   0.015596
  13  -0.006458   0.036261  -0.006782  -0.012398   0.017811  -0.011433  -0.010467  -0.006426  -0.015311   0.012822   0.018565  -0.008577  -0.010444  -0.010776   0.008436   0.005177
  14   0.013499  -0.005175  -0.012622  -0.010104   0.011096  -0.005641   0.049558  -0.028137  -0.006876  -0.003787   0.008999   0.011416  -0.018936  -0.004120   0.004063  -0.003231
  15   0.006512   0.001648  -0.015755   0.006378   0.001851  -0.017966   0.001079  -0.003687  -0.006810   0.012585  -0.000300   0.044521   0.003260  -0.003471  -0.005679  -0.024167
  16   0.009680   0.002771  -0.007603  -0.000034  -0.003695  -0.007067  -0.014497   0.018055   0.002100  -0.020624   0.013508  -0.015639   0.014061   0.014076  -0.002250  -0.002840
  17   0.009406  -0.005298   0.010168   0.007870   0.023769  -0.009932  -0.010937  -0.013744  -0.001597  -0.022902   0.003441   0.010216  -0.003770   0.017781  -0.004472  -0.009998
  18   0.012512   0.009555   0.013167  -0.007425  -0.009162   0.002668  -0.009711  -0.004146  -0.005878   0.007745  -0.009722   0.006053  -0.005770  -0.005704   0.008516  -0.002699
  19  -0.013647  -0.000236  -0.008744   0.014330  -0.009022  -0.017764   0.027216   0.013833  -0.008386   0.016456  -0.015668   0.009848   0.005807  -0.002964  -0.000630  -0.010431
  20  -0.003326   0.010221  -0.002809  -0.029333   0.000467   0.000537  -0.001025  -0.004486   0.006407  -0.015730   0.030200  -0.018704   0.006823   0.009725   0.005567   0.005467
  21   0.014968  -0.001443   0.002518  -0.005673   0.009639  -0.008674   0.007223  -0.003436   0.006481  -0.002971   0.011490   0.016932  -0.026283  -0.010272  -0.004697  -0.005804
  22  -0.000203   0.004943   0.002341  -0.002275  -0.009710   0.000683  -0.012559  -0.001774   0.014067  -0.000514  -0.000468   0.003450   0.000471  -0.015243   0.011688   0.005104
  23  -0.024465   0.008052   0.002145   0.018893  -0.001639   0.002564  -0.005825  -0.005230   0.000723  -0.004219  -0.002687   0.007184   0.013172  -0.000914   0.000690  -0.008444
  24   0.001515  -0.005033  -0.010946   0.002254   0.000303   0.000986  -0.002809   0.007002  -0.009276   0.002448   0.010551  -0.009399   0.010511   0.004899  -0.002458  -0.000550
  25   0.008350  -0.000724  -0.008848   0.004275  -0.013663   0.025129  -0.005181  -0.002984  -0.018507  -0.000493   0.008512   0.004826   0.020920  -0.011367  -0.005149  -0.005097
  26  -0.000808  -0.004426  -0.006979   0.009312   0.007732  -0.002408   0.000542   0.006680  -0.004931  -0.003061  -0.008609   0.005935  -0.000731   0.021112  -0.004657  -0.014704
  27   0.003856   0.005817  -0.006780  -0.001630  -0.001565  -0.000807   0.017486  -0.003896  -0.009787   0.001374  -0.016573   0.005284  -0.000252   0.016710  -0.014495   0.005260
  28  -0.021150  -0.002125   0.010597   0.004930   0.018769  -0.014117  -0.007964   0.026404  -0.012241  -0.002108  -0.011839   0.005826  -0.003529   0.006450  -0.000272   0.002369
  29   0.009338  -0.005506  -0.013339  -0.008642   0.001491   0.001046  -0.000465  -0.013972   0.006186   0.000829  -0.008246  -0.008248   0.018761   0.003513   0.010776   0.006479
  30   0.027719   0.019881   0.009569  -0.021393   0.000837  -0.005538  -0.005043   0.009627  -0.019523   0.007308   0.001550  -0.000610  -0.014990   0.003163  -0.012772   0.000216
  31  -0.007980  -0.005329   0.000094   0.007258   0.018247  -0.000376   0.016245  -0.009303  -0.009644  -0.000411  -0.004871   0.008230   0.000694  -0.010389  -0.008832   0.006367
  32  -0.011291   0.013625  -0.008920   0.007904  -0.003693   0.002945  -0.006592  -0.009166   0.021348  -0.011480  -0.006040  -0.001191   0.008629  -0.001648   0.001403   0.004167
  33   0.013685  -0.004160   0.002021   0.003446  -0.011680   0.007510   0.010575  -0.002963  -0.003631  -0.003051  -0.013354  -0.000113  -0.003172  -0.006557  -0.002740   0.014184
  34  -0.008713   0.008526  -0.014499   0.009888  -0.008967  -0.005794  -0.011566   0.020069   0.021195  -0.003896  -0.016355  -0.004441   0.008455  -0.003949   0.023511  -0.013463
  35   0.003040   0.013361   0.003880  -0.008312   0.005849  -0.006893  -0.013288   0.009219  -0.001479  -0.013944  -0.006339   0.002854   0.004044  -0.023893   0.020600   0.011302
  36  -0.012887   0.038162  -0.012813  -0.001009   0.002536  -0.011992  -0.006967  -0.014947  -0.014868   0.019938   0.001711  -0.001927  -0.007442   0.003030   0.005070   0.014404
  37  -0.003801  -0.007380  -0.024649   0.003169   0.007908   0.003978   0.047487  -0.010235  -0.010974   0.010551  -0.013826   0.001251   0.015957  -0.011950   0.001835  -0.009321
  38  -0.003194   0.003789   0.009337  -0.000842   0.003928  -0.007563  -0.007149   0.005983  -0.006773  -0.007431  -0.008846   0.033896   0.010915   0.000905  -0.019829  -0.007126
  39   0.006065  -0.008941   0.001293   0.006460  -0.015310  -0.010728   0.016032  -0.000294   0.006702  -0.007281  -0.004536  -0.021371   0.005657   0.042656  -0.001774  -0.014628
  40   0.016878  -0.007670  -0.008768   0.002674   0.032418  -0.003569  -0.000546  -0.012597  -0.007546  -0.003006   0.010811   0.010757  -0.013221  -0.006736  -0.005906  -0.003970
  41  -0.017671   0.009277   0.006267   0.030654  -0.019106  -0.005575   0.006246  -0.002547   0.010983  -0.015816   0.013067  -0.012645   0.006202   0.006383  -0.007916  -0.007804
  42  -0.006077   0.006330  -0.010887  -0.008959  -0.002810   0.005955   0.001369  -0.010244   0.006883   0.010789  -0.006157   0.006149  -0.009669   0.012852   0.000762   0.003713
  43   0.000262   0.008750  -0.018100  -0.002584   0.020255  -0.002648   0.007013   0.011306  -0.016167  -0.003785   0.015980  -0.010941  -0.013249   0.001331   0.006962  -0.004383
  44   0.009464  -0.006087  -0.002708  -0.009568   0.004869  -0.001298   0.006042  -0.005965   0.004198  -0.007711   0.002507   0.012860   0.001587   0.004253  -0.000441  -0.012002
  45   0.011041   0.011191   0.001575  -0.003689   0.008660  -0.001792  -0.007491  -0.010220   0.008559  -0.008588   0.005132   0.000296  -0.010887   0.007861  -0.010055  -0.001594
  46  -0.017550   0.014981   0.019254   0.000688   0.000019  -0.005349  -0.012563   0.026564  -0.016887  -0.002979  -0.014834   0.023861  -0.004598  -0.007180  -0.000793  -0.002635
  47  -0.008785  -0.021047  -0.013025   0.003841   0.001195   0.006005  -0.007379  -0.000347  -0.007782   0.010406  -0.016936   0.005377  -0.007042  -0.015599   0.050245   0.020875
  48  -0.020224  -0.008398   0.001377   0.004830  -0.005537  -0.015646  -0.016392   0.017340   0.046549  -0.018910   0.004681  -0.019416   0.007155   0.013749   0.013350  -0.004508
  49  -0.018518   0.053992   0.000490  -0.008020  -0.008429  -0.027615  -0.002538   0.009378  -0.009415  -0.002657  -0.002745   0.017833   0.002064  -0.007456  -0.000542   0.004178
  50  -0.004834   0.002089  -0.024149  -0.007403  -0.015079  -0.005886   0.069602  -0.032372   0.019391  -0.001378  -0.012744  -0.010604   0.003083   0.009735  -0.005679   0.016229
  51  -0.001638   0.008180   0.015964  -0.019945   0.017419  -0.010633   0.009526  -0.011753  -0.005322   0.016646  -0.032949   0.048655  -0.010165  -0.002897  -0.002246  -0.018841
  52   0.012949  -0.005753   0.002049  -0.008952   0.004879  -0.000500  -0.016089   0.023004   0.001479  -0.006178  -0.005085   0.000078  -0.001466   0.003259   0.009238  -0.012915
  53  -0.016971   0.005335   0.008414   0.021065  -0.000883  -0.013574  -0.012905   0.018191  -0.004690   0.010863  -0.009456  -0.006602   0.007530   0.005318   0.002512  -0.014146
  54   0.011048  -0.001397   0.000034  -0.024699   0.009430   0.007828  -0.004007  -0.005310  -0.020345   0.000279   0.006864   0.001768   0.002240  -0.010249   0.018582   0.007936
  55  -0.003643  -0.005139   0.000822   0.010332   0.007061   0.003630  -0.009651  -0.004579  -0.002250  -0.008460   0.018793   0.013389  -0.010624  -0.006166  -0.016050   0.012535
  56  -0.004372  -0.004103   0.006512  -0.007493   0.001701   0.002727   0.001413  -0.021976   0.003842  -0.007854  -0.001311  -0.000763   0.004322   0.011006   0.003583   0.012765
  57   0.001381   0.006096   0.010920  -0.012902  -0.001351   0.005136  -0.011139   0.009130   0.007024   0.003360  -0.003114   0.002927  -0.000113  -0.008270   0.004647  -0.013731
  58  -0.008763   0.019087  -0.006089   0.002706   0.008972  -0.000235  -0.012881   0.010466  -0.009540   0.001901  -0.006647   0.015599  -0.003842  -0.005845   0.006594  -0.011484
  59   0.000258  -0.002078  -0.011875   0.000523   0.018387   0.023376  -0.007711  -0.019145  -0.007393  -0.004799  -0.003928  -0.002903  -0.003904   0.015634  -0.000103   0.005659
  60   0.001731   0.010978  -0.007670   0.002309   0.021766   0.011850   0.010557  -0.012040  -0.006020  -0.006260  -0.010635  -0.000702  -0.007000   0.003865   0.007690  -0.020420
  61  -0.006203   0.004705   0.007706   0.004269  -0.002923   0.005776   0.016890   0.000690  -0.000878  -0.006094   0.003486   0.003428  -0.002128  -0.022864  -0.017633   0.011774
  62  -0.002292  -0.006600   0.004305  -0.007547   0.000978  -0.015860  -0.008716   0.005121  -0.015381   0.016023   0.008534   0.001272   0.005006   0.007566  -0.013953   0.021543
  63  -0.000665  -0.002839  -0.003358  -0.004827  -0.000523  -0.018433   0.011430   0.008655  -0.013330   0.014435  -0.003719  -0.007216   0.006841   0.011231  -0.010684   0.013001
  64  -0.012178   0.007247   0.007208  -0.009954   0.003561  -0.003065   0.005749  -0.001851  -0.004967   0.023914  -0.003781  -0.021496   0.001737   0.005216   0.009080  -0.006420
  65  -0.004501   0.004254  -0.001937  -0.009664   0.005853  -0.011484   0.023190   0.015753   0.008268   0.009417   0.005973  -0.005402  -0.017182  -0.012845  -0.010388   0.000694
  66   0.016911  -0.018021   0.007391  -0.013843   0.006464  -0.006838  -0.003472  -0.006812   0.003571   0.026836  -0.014616   0.001048   0.011685  -0.008545   0.018339  -0.020098
  67  -0.003563   0.017161   0.000646   0.024387   0.010248  -0.011392   0.015776  -0.021200   0.018287   0.017375  -0.010736  -0.017284  -0.015769  -0.019059  -0.003141  -0.001736
  68   0.003194   0.009896   0.008938  -0.012825  -0.002821  -0.012380   0.004284   0.015003   0.006077  -0.002846   0.010880  -0.011567  -0.015542  -0.013545  -0.023512   0.036766
  69   0.016113  -0.007244  -0.015562  -0.002399  -0.002126  -0.004092  -0.000161  -0.012497   0.010344   0.009139  -0.021994   0.003100  -0.032313  -0.019964   0.060823   0.018832
  70  -0.017472   0.007825   0.006815  -0.005149  -0.009875   0.007986  -0.009970  -0.010301   0.049207  -0.026141   0.010847  -0.010807   0.027148  -0.010759  -0.012831   0.003478
  71  -0.026056   0.102518  -0.016370  -0.011084  -0.000950  -0.024012   0.011975  -0.008103   0.012723  -0.004131  -0.003957  -0.009774   0.005398  -0.015764  -0.012088  -0.000326
  72  -0.001792   0.002992  -0.028078   0.017994  -0.012266  -0.009877   0.112401  -0.031646   0.007804  -0.004708  -0.013064  -0.010471  -0.009639  -0.009400  -0.017430   0.007183
  73  -0.012793  -0.012190   0.007514   0.001576   0.004854  -0.011004   0.006101  -0.020946  -0.000398  -0.001825  -0.036942   0.092993  -0.007917   0.012866   0.002601  -0.024491
  74   0.012570  -0.016986  -0.006364  -0.005472   0.020116  -0.015056  -0.010663  -0.006551   0.012338  -0.014329  -0.019355   0.000620   0.017195   0.055158  -0.014409  -0.008812
  75   0.034925   0.015457   0.008698   0.003140   0.060202  -0.024608  -0.015073  -0.011734  -0.021739  -0.002795  -0.011030  -0.015227  -0.026220  -0.002456   0.017975  -0.009513
  76   0.050944  -0.013530   0.029036  -0.019282  -0.008642  -0.011793   0.011400  -0.005368  -0.000972  -0.008705   0.003662   0.006584  -0.023348  -0.001591  -0.005234  -0.003161
  77   0.004077   0.013149  -0.025685   0.026442  -0.008421  -0.000832  -0.010459  -0.015908  -0.009641   0.009772   0.021725   0.017010   0.006814  -0.020667  -0.018946   0.011571
  78  -0.007600  -0.004151  -0.015444   0.020024   0.012385  -0.016957  -0.015535   0.021529  -0.003455  -0.004392  -0.017105  -0.008413  -0.000960   0.016399   0.032247  -0.008571
  79  -0.001870  -0.001687   0.008543  -0.004616  -0.013617   0.008156  -0.003486  -0.000155  -0.000452   0.003666  -0.011666  -0.007385   0.007929  -0.009214   0.010417   0.015437
  80  -0.005715   0.003988  -0.006597   0.000314  -0.004476   0.000119   0.003767   0.001510  -0.007041  -0.005411   0.011326   0.004934   0.009433  -0.005622  -0.009135   0.008605
  81   0.009177  -0.001373  -0.019861   0.004258  -0.001131  -0.011554   0.007866  -0.002107  -0.000095   0.000259   0.006618  -0.007422  -0.011620   0.012914   0.009680   0.004389
  82   0.002530  -0.008035  -0.001226   0.003062  -0.010825  -0.007694   0.003070   0.015696  -0.002166   0.002114  -0.004249   0.008605   0.009137   0.005460   0.009361  -0.024839
  83   0.005225  -0.002333  -0.010366   0.006149   0.001472  -0.005892  -0.003606  -0.000128  -0.010983   0.005213   0.012520   0.000206   0.013903  -0.023243   0.020051  -0.008188
  84  -0.005755   0.007126   0.005212   0.003034   0.010971  -0.008706  -0.012946  -0.015575   0.019792   0.013546  -0.005650  -0.009088  -0.003165  -0.017473   0.016122   0.002555
  85   0.009468   0.011677  -0.000676   0.001375   0.013954   0.004443  -0.017078  -0.006827  -0.002195   0.011692  -0.008285   0.001526  -0.007424   0.002230  -0.014897   0.001018
