pos     val_AA     val_AC     val_AG     val_AT     val_CA     val_CC     val_CG     val_CT     val_GA     val_GC     val_GG     val_GT     val_TA     val_TC     val_TG     val_TT
   0  -0.072179   0.000000  -0.048410   0.041842  -0.133855  -0.089408  -0.096048  -0.007633  -0.136216  -0.033572  -0.204644  -0.078518  -0.172921   0.130837  -0.112095   0.009659
   1   0.000000  -0.171751   0.263759  -0.153840   0.000000   0.044753   0.478591   0.055048   0.000000   0.144007   0.044995  -0.245921   0.000000  -0.037402  -0.048073  -0.026542
   2  -0.074510   0.000000  -0.033775  -0.030296  -0.295732   0.000000  -0.076555  -0.327276  -0.427114   0.000000  -0.444687  -0.235382  -0.139907   0.000000  -0.055422  -0.201782
   3  -0.277419   0.000000  -0.027497  -0.274116  -0.178158   0.000000   0.193299  -0.169287  -0.115724   0.000000  -0.068795  -0.074200  -0.069664   0.000000  -0.035660  -0.127978
   4   0.000000  -0.005378  -0.191400   0.207032   0.000000  -0.169786  -0.251533   0.028964   0.000000  -0.019045   0.112503   0.220098   0.000000  -0.062260  -0.192994  -0.118169
   5  -0.262907  -0.195371   0.000000  -0.192435  -0.216961   0.060296   0.000000  -0.205628   0.030839  -0.014781   0.000000  -0.016183  -0.231905  -0.328185   0.000000  -0.329530
   6   0.000000  -0.132329   0.110452   0.276128   0.000000   0.210712  -0.121218  -0.010923   0.000000  -0.117845  -0.163678  -0.137780   0.000000   0.120943  -0.093970  -0.043692
   7  -0.264353   0.000000  -0.239087  -0.227678  -0.274618   0.000000   0.038371  -0.152260  -0.112187   0.000000  -0.049304  -0.479635  -0.173462   0.000000  -0.175847  -0.231127
   8   0.000000  -0.317825   0.014365  -0.025893   0.000000  -0.216760   0.044772  -0.218304   0.000000  -0.043670   0.212253  -0.208871   0.000000   0.032738  -0.068512   0.018418
   9   0.046177   0.230551   0.000000   0.249517   0.121164   0.316843   0.000000   0.072021  -0.027827   0.017125   0.000000  -0.070115   0.015944   0.158882   0.000000   0.077179
  10  -0.254536  -0.376982  -0.282960   0.000000  -0.267126  -0.365263  -0.426120   0.000000  -0.252918  -0.232689  -0.305059   0.000000  -0.235392  -0.508599  -0.466357   0.000000
  11  -0.065508   0.027746   0.000000   0.002093   0.031320   0.075759   0.000000   0.224606  -0.172223  -0.056248   0.000000  -0.186234  -0.273774  -0.247063   0.000000  -0.038900
  12   0.000000  -0.366973   0.045156  -0.264591   0.000000  -0.210794  -0.123583  -0.203661   0.000000  -0.363915  -0.276489  -0.326219   0.000000  -0.470562   0.336005  -0.115682
  13  -0.465579   0.000000  -0.378750  -0.455138  -0.009021   0.000000  -0.296636  -0.306127  -0.620974   0.000000  -0.147092  -0.359933  -0.111342   0.000000  -0.127908  -0.242369
  14  -0.239030  -0.068256   0.000000  -0.060177  -0.344378  -0.479719   0.000000  -0.676533  -0.370124  -0.183558   0.000000  -0.365690  -0.129750  -0.061081   0.000000  -0.262194
  15  -0.306743  -0.297325  -0.131905   0.000000  -0.248650  -0.341535  -0.061150   0.000000  -0.293477  -0.264057  -0.397225   0.000000   0.002942  -0.253174  -0.038383   0.000000
  16  -0.137697   0.000000  -0.223469  -0.129660   0.260810   0.000000  -0.114591   0.120085  -0.113652   0.000000  -0.101508  -0.119713  -0.038009   0.000000  -0.167363  -0.200744
  17   0.000000  -0.173247  -0.109724  -0.138997   0.000000  -0.249946  -0.228893  -0.188473   0.000000  -0.069598  -0.121223   0.164208   0.000000  -0.051415  -0.118923  -0.009400
  18  -0.052474  -0.180897   0.000000  -0.162578  -0.101588  -0.222857   0.000000  -0.274438  -0.042144  -0.080918   0.000000  -0.092412  -0.228760  -0.348722   0.000000  -0.168295
  19  -0.337023   0.000000  -0.172826   0.042378  -0.152096   0.000000   0.369839  -0.065067  -0.233146   0.000000  -0.192754   0.039990  -0.235345   0.000000   0.017687  -0.095287
  20  -0.035852   0.221841   0.063216   0.000000   0.084400   0.088650   0.075850   0.000000   0.041874   0.175194  -0.002041   0.000000   0.116627   0.068700   0.095830   0.000000
  21   0.074169   0.109881   0.000000  -0.234879  -0.100401  -0.129315   0.000000   0.091501   0.071188  -0.049364   0.000000  -0.376224  -0.058627   0.049775   0.000000  -0.085725
  22  -0.055626   0.000000   0.014976   0.068251  -0.008861   0.000000  -0.166059  -0.026713   0.082069   0.000000  -0.014344   0.007926  -0.028518   0.000000   0.046258   0.061579
  23  -0.099383   0.000000  -0.000034   0.092561  -0.026303   0.000000  -0.043570   0.037131  -0.069195   0.000000   0.164036  -0.069445   0.042064   0.000000  -0.010131  -0.032123
  24   0.000000  -0.061520  -0.148882   0.083879   0.000000  -0.006720   0.071920   0.057328   0.000000   0.046762   0.010177  -0.021179   0.000000   0.002506  -0.157241   0.012435
  25   0.109354   0.101872   0.000000   0.092991   0.144459   0.129673   0.000000   0.180653  -0.059173   0.180038   0.000000   0.095100   0.331541   0.010530   0.000000   0.065744
  26   0.000000   0.051675  -0.037541   0.170858   0.000000  -0.020113   0.169284  -0.207954   0.000000  -0.021923  -0.004637   0.098622   0.000000  -0.035872  -0.158930  -0.028331
  27  -0.058444  -0.011254  -0.037704   0.000000   0.122220  -0.299143  -0.075205   0.000000   0.176802  -0.036108  -0.030929   0.000000  -0.183366  -0.208818  -0.277871   0.000000
  28  -0.152634   0.000000  -0.180648   0.098851   0.127482   0.000000  -0.011505   0.184255  -0.043447   0.000000   0.244215   0.111335  -0.055034   0.000000  -0.048163  -0.000267
  29  -0.065227   0.000000  -0.026192   0.137809   0.120286   0.000000   0.026462  -0.053591   0.255503   0.000000  -0.128437   0.045424   0.471902   0.000000   0.057411  -0.164814
  30  -0.347946   0.000000   0.038280  -0.035851  -0.089873   0.000000  -0.139876  -0.028943  -0.158749   0.000000  -0.224349   0.054936   0.020584   0.000000   0.031450   0.086377
  31   0.000000  -0.146081  -0.243706  -0.016620   0.000000  -0.182171  -0.003936  -0.136492   0.000000  -0.012006  -0.090492   0.081027   0.000000  -0.223581   0.021298  -0.050417
  32  -0.087452   0.091537  -0.162964   0.000000  -0.277735   0.373185  -0.247490   0.000000  -0.185911  -0.295712  -0.249782   0.000000   0.180902   0.068857  -0.254248   0.000000
  33   0.037724   0.195036   0.000000   0.102385  -0.004080  -0.061042   0.000000   0.012560  -0.130631   0.073226   0.000000  -0.012724   0.015560   0.020491   0.000000   0.283999
  34   0.112687  -0.160301   0.000000  -0.078029   0.073689   0.014334   0.000000   0.065286   0.340290   0.059624   0.000000  -0.043691   0.031802  -0.303756   0.000000  -0.276071
  35  -0.032535   0.000000   0.053738  -0.157279   0.544793   0.000000   0.334894   0.396605   0.281392   0.000000   0.212611   0.157165   0.414473   0.000000   1.026727   0.438470
  36  -0.838906   0.000000  -0.480677  -0.558981  -0.303201   0.000000  -0.324067  -0.266050  -0.283463   0.000000  -0.962875  -0.542909  -0.510448   0.000000  -0.730800  -0.482872
  37   0.066269  -0.202891   0.000000  -0.233996  -0.371365  -0.348703   0.000000  -0.492771   0.005880  -0.037924   0.000000   0.095215  -0.022131   0.031767   0.000000  -0.232329
  38  -0.151257  -0.063881  -0.133177   0.000000  -0.283775  -0.049905  -0.209863   0.000000  -0.472553  -0.458115  -0.467421   0.000000   0.307754  -0.176338  -0.186546   0.000000
  39   0.133111   0.000000   0.142712  -0.255097   0.044203   0.000000   0.127936  -0.203916  -0.090505   0.000000   0.137045  -0.238687  -0.217071   0.000000  -0.410756  -0.549438
  40   0.000000  -0.363576  -0.240450  -0.049553   0.000000  -0.343322  -0.366974  -0.424814   0.000000  -0.175253  -0.022395   0.032818   0.000000  -0.028798   0.044628   0.116298
  41  -0.235039  -0.062967  -0.010502   0.000000  -0.219952  -0.058548   0.100917   0.000000  -0.219312  -0.224288   0.154017   0.000000   0.220258  -0.010173   0.030817   0.000000
  42   0.000000  -0.070093  -0.036675  -0.000056   0.000000   0.048527   0.192826   0.014695   0.000000  -0.028127  -0.234499  -0.013095   0.000000   0.079178   0.014252   0.054337
  43  -0.089890   0.000000  -0.040901  -0.089560  -0.273414   0.000000   0.057528   0.202459  -0.104320   0.000000  -0.099522  -0.027149  -0.043999   0.000000  -0.077542  -0.154594
  44   0.155423   0.081957   0.071368   0.000000   0.113842   0.004809   0.129355   0.000000  -0.004641   0.102987   0.039472   0.000000   0.127783   0.153044   0.222671   0.000000
  45   0.119924   0.290128   0.000000   0.100379  -0.084774   0.143269   0.000000  -0.398855  -0.160895   0.241250   0.000000  -0.081330  -0.137723   0.150569   0.000000  -0.075459
  46  -0.206302  -0.350309  -0.267800   0.000000  -0.608796  -0.589444  -0.493674   0.000000  -0.490273  -0.431062  -0.528510   0.000000  -0.351185  -0.509027  -0.324568   0.000000
  47  -0.092769  -0.197186   0.000000  -0.154008  -0.322198  -0.129109   0.000000   0.101594  -0.334420  -0.033383   0.000000  -0.002695  -0.607099  -0.547600   0.000000  -0.304158
  48   0.000000  -0.165673  -0.029068  -0.115615   0.000000  -0.355393   0.241292  -0.243663   0.000000  -0.759072  -0.507128  -0.608698   0.000000  -0.390307   0.032558  -0.411838
  49  -0.781679   0.000000  -0.639482  -0.642598  -0.240525   0.000000  -0.217497   0.103107  -0.604339   0.000000  -0.369980  -0.393551   0.050196   0.000000  -0.292193  -0.200173
  50  -0.277752  -0.067929   0.000000  -0.159573  -0.672414  -0.646357   0.000000  -0.806904  -0.160269  -0.232292   0.000000  -0.168626  -0.155323  -0.160775   0.000000  -0.412408
  51   0.004265  -0.335267  -0.234231   0.000000  -0.259061   0.069681  -0.219339   0.000000  -0.280201  -0.124819  -0.420410   0.000000   0.062905   0.164853   0.071181   0.000000
  52  -0.078791   0.000000  -0.183660  -0.017409   0.268692   0.000000   0.023022   0.064805  -0.088433   0.000000  -0.051857  -0.234578  -0.021584   0.000000  -0.096879  -0.238443
  53  -0.528863   0.210656  -0.054704   0.000000  -0.317408  -0.233533  -0.230354   0.000000  -0.010877  -0.316666   0.168347   0.000000  -0.105766   0.161376  -0.001065   0.000000
  54   0.588537   0.056935   0.419196   0.000000   0.173571  -0.339884   0.306668   0.000000   0.220346  -0.032517   0.008535   0.000000  -0.036457  -0.162767   0.069552   0.000000
  55  -0.123355   0.012610   0.164954   0.000000  -0.290106  -0.020696  -0.115638   0.000000  -0.228342  -0.196722  -0.164054   0.000000  -0.199483  -0.154687  -0.207220   0.000000
  56  -0.034807   0.000000   0.117022   0.022454  -0.111196   0.000000   0.053572  -0.159420  -0.022396   0.000000  -0.302980   0.034931  -0.005248   0.000000   0.039668   0.010950
  57   0.000000  -0.012675   0.217002   0.234858   0.000000  -0.075449  -0.057251   0.124218   0.000000  -0.069764  -0.035625   0.004716   0.000000  -0.088595   0.033016   0.002380
  58   0.012998   0.255566   0.000000   0.050265   0.207570   0.458588   0.000000   0.301575   0.134066   0.192676   0.000000  -0.080419  -0.084599  -0.022884   0.000000  -0.027584
  59   0.000000   0.019297  -0.056729  -0.103564   0.000000   0.009655  -0.307436  -0.163916   0.000000   0.047564  -0.113659  -0.001015   0.000000   0.256629  -0.072653  -0.120229
  60  -0.061290   0.000000  -0.087257  -0.031222  -0.082280   0.000000  -0.083124  -0.111764  -0.135774   0.000000  -0.051930  -0.275594   0.004660   0.000000   0.189703  -0.250247
  61   0.000000   0.177204   0.258991   0.072349   0.000000  -0.008986   0.250019   0.051382   0.000000  -0.102903   0.242234  -0.026872   0.000000  -0.144092   0.047660   0.118357
  62   0.097835   0.000000   0.232866   0.158592   0.054631   0.000000   0.319249   0.318543  -0.121065   0.000000   0.002189   0.099006   0.219999   0.000000  -0.051317   0.198997
  63  -0.104057   0.000000   0.154818   0.211105   0.137615   0.000000   0.278328   0.167070  -0.360167   0.000000  -0.005794  -0.016399  -0.064375   0.000000   0.164651  -0.086306
  64  -0.078080   0.000000   0.086160   0.025210   0.113907   0.000000   0.161023  -0.043056  -0.335825   0.000000  -0.018989  -0.243126  -0.115797   0.000000   0.077891   0.049759
  65  -0.174918   0.000000  -0.062553  -0.234635   0.155026   0.000000   0.169451   0.134115   0.084968   0.000000   0.045198  -0.183775   0.000091   0.000000  -0.337900  -0.036470
  66   0.000000  -0.478241  -0.326178  -0.478967   0.000000  -0.327321  -0.248951  -0.173833   0.000000  -0.198166  -0.229386  -0.248492   0.000000  -0.424883  -0.309911  -0.277048
  67  -0.395726  -0.124317  -0.372225   0.000000  -0.148260   0.071753  -0.100173   0.000000  -0.222032   0.165532  -0.192582   0.000000  -0.348657  -0.213159  -0.346456   0.000000
  68  -0.415574  -0.260496  -0.304950   0.000000  -0.347700  -0.297896  -0.441130   0.000000  -0.243671  -0.112541  -0.388671   0.000000  -0.586826  -0.561194  -0.653335   0.000000
  69  -0.312385  -0.248337   0.000000   0.114790  -0.186669  -0.242758   0.000000   0.359123   0.073919  -0.152422   0.000000   0.155906  -0.780356  -0.659194   0.000000  -0.288771
  70   0.000000  -0.512346  -0.427117  -0.184795   0.000000  -0.490795  -0.010048  -0.460910   0.000000  -0.943097  -0.649570  -0.801447   0.000000  -0.486356  -0.217800  -0.567514
  71  -1.226402   0.000000  -1.032327  -1.056833  -0.257326   0.000000   0.025180  -0.460617  -0.611470   0.000000  -0.741585  -0.604236  -0.347988   0.000000  -0.661624  -0.535560
  72  -0.233838  -0.103729   0.000000  -0.042043  -0.933793  -1.006037   0.000000  -1.203632  -0.081890  -0.005970   0.000000  -0.143383   0.345862  -0.257908   0.000000  -0.241753
  73  -0.293155  -0.101246  -0.352072   0.000000  -0.304471  -0.127634  -0.347354   0.000000  -0.746784  -0.712135  -0.938293   0.000000   0.009215  -0.413262  -0.124911   0.000000
  74  -0.317094   0.000000  -0.437698  -0.140091   0.067641   0.000000  -0.111977  -0.210511  -0.308853   0.000000  -0.139098  -0.201312  -0.260215   0.000000  -0.675512  -0.705573
  75   0.000000  -0.171825  -0.226707  -0.282486   0.000000  -0.719878  -0.652228  -0.694909   0.000000  -0.150011   0.019949  -0.112099   0.000000  -0.034952  -0.111833  -0.122960
  76   0.000000  -0.489146  -0.116483  -0.406570   0.000000  -0.160695   0.023325  -0.174275   0.000000  -0.034527  -0.133898   0.027506   0.000000  -0.172974   0.354522   0.218492
  77  -0.349838  -0.231539  -0.471606   0.000000  -0.340791   0.101306  -0.257727   0.000000  -0.485529  -0.159253  -0.206826   0.000000  -0.464260  -0.237037  -0.481743   0.000000
  78  -0.089596  -0.010615   0.000000  -0.079698  -0.207664  -0.209263   0.000000  -0.001931   0.107984  -0.100819   0.000000  -0.128515  -0.053086   0.004113   0.000000  -0.045107
  79  -0.292716  -0.061711   0.000000  -0.104309  -0.068950  -0.042320   0.000000  -0.165746  -0.032367   0.027041   0.000000  -0.031316  -0.175890  -0.293652   0.000000  -0.273583
  80  -0.146630  -0.167726   0.000000   0.057123  -0.296933  -0.043404   0.000000  -0.036338  -0.082074  -0.037164   0.000000  -0.102409   0.004212  -0.074543   0.000000  -0.172584
  81   0.000000   0.179066   0.082632  -0.277064   0.000000   0.116521  -0.050574   0.098179   0.000000   0.030854   0.015799  -0.022034   0.000000   0.095373   0.130882  -0.026312
  82   0.056872   0.039674   0.000000   0.140307   0.158141  -0.148937   0.000000   0.103983  -0.030521   0.008646   0.000000  -0.035769   0.032029  -0.069698   0.000000   0.125530
  83   0.000000   0.150804  -0.100543   0.160464   0.000000   0.140104   0.433331   0.111669   0.000000   0.133168   0.247527   0.033143   0.000000   0.112779   0.533494   0.168174
  84   0.000000   0.004510   0.031127  -0.004926   0.000000  -0.072362  -0.143493   0.009951   0.000000  -0.020771   0.607959  -0.145026   0.000000  -0.026218   0.107112  -0.186730
  85  -0.000771   0.000000  -0.064352  -0.042952  -0.010247   0.000000  -0.139911  -0.275561  -0.109690   0.000000  -0.270665   0.012344  -0.056950   0.000000   0.105235   0.019213
