pos     val_AA     val_AC     val_AG     val_AT     val_CA     val_CC     val_CG     val_CT     val_GA     val_GC     val_GG     val_GT     val_TA     val_TC     val_TG     val_TT
   0  -0.264165  -0.004101  -0.153549   0.259743  -0.147636  -0.156851  -0.070747  -0.215391  -0.004414   0.007845  -0.061538  -0.019236  -0.387219   0.075434  -0.092441   0.182069
   1  -0.015819  -0.187504   0.224638  -0.455976  -0.002156   0.014160   0.228599   0.021914  -0.052198   0.160032  -0.554173  -0.303694   0.016806   0.322254  -0.339367  -0.136792
   2  -0.060864  -0.000359  -0.045849  -0.002910   0.051672   0.071170  -0.392585  -0.475892  -0.441957   0.216865  -0.521550  -0.183397  -0.366263  -0.017942  -0.012261  -0.348813
   3  -0.050512  -0.092574   0.171885  -0.073759  -0.104754   0.011222   0.099870  -0.073059  -0.105221  -0.074621   0.186202   0.169020  -0.081483  -0.018978   0.138799  -0.291989
   4  -0.103324  -0.114682  -0.173173   0.027082   0.005542  -0.061224  -0.089126   0.040095   0.087820  -0.099358   0.515425   0.423392  -0.051591   0.027771  -0.267342  -0.482814
   5  -0.138186  -0.080832   0.015802  -0.067740   0.178822  -0.217264  -0.076036   0.168540   0.254904  -0.116865  -0.075353  -0.195867  -0.563850  -0.211044   0.079997  -0.430420
   6  -0.149194  -0.255386  -0.041745   0.392662  -0.093435  -0.077759  -0.314555   0.087232   0.018166  -0.030395  -0.059228  -0.067604  -0.073248   0.190150  -0.587334   0.092560
   7  -0.110223   0.023291  -0.154709  -0.113156   0.052097  -0.027373  -0.054723  -0.036940   0.042097  -0.076116   0.076221  -0.545393  -0.324809  -0.013841  -0.157924  -0.192821
   8  -0.112602   0.018110  -0.180905  -0.050217   0.029637  -0.095759  -0.018224  -0.107166  -0.156454  -0.251236   0.301832  -0.070373  -0.150043   0.258720   0.072718   0.089727
   9  -0.008193   0.114387  -0.007832   0.124186  -0.100636   0.223809  -0.098767  -0.001758   0.234529  -0.149606   0.007458  -0.322565  -0.235797   0.115553  -0.083604  -0.290774
  10  -0.022827  -0.506360  -0.410031   0.008836   0.021432  -0.353331  -0.061742   0.126592  -0.170293  -0.061518  -0.097937   0.000457   0.089307  -0.058174  -0.175614   0.113152
  11  -0.081547  -0.126613  -0.135221  -0.311528  -0.007810   0.140720  -0.130528   0.268395  -0.130561   0.001821  -0.115113  -0.511893  -0.097939  -0.100763   0.025142   0.023865
  12  -0.079352  -0.541052   0.092507  -0.213952  -0.081101   0.025469  -0.144377  -0.199676   0.019540  -0.163071  -0.131605  -0.147731   0.020976  -0.486733   0.599631  -0.393914
  13  -0.248422   0.031053  -0.165668  -0.202243   0.066201  -0.186966  -0.375009  -0.377220  -0.458281  -0.057289  -0.171301  -0.176621  -0.122142  -0.173991   0.195631  -0.200736
  14  -0.371845  -0.097159  -0.234734  -0.071448  -0.098213  -0.197894   0.043044  -0.320253  -0.575267  -0.352725  -0.146926  -0.487690  -0.323600  -0.034302  -0.211791  -0.138625
  15  -0.053549  -0.251877   0.182764  -0.134342  -0.373822  -0.441588  -0.340951  -0.177074  -0.122975  -0.109239  -0.198963   0.038794  -0.427616  -0.005276  -0.390445  -0.314526
  16  -0.396053  -0.128394  -0.079202   0.072722   0.447365  -0.174074  -0.040087   0.224112  -0.764553  -0.187630   0.321006  -0.236356  -0.000282   0.022721  -0.063635  -0.108903
  17  -0.011353  -0.147261  -0.194502   0.157235   0.019280  -0.106458  -0.133657  -0.140650  -0.049821  -0.358710  -0.103544   0.169131  -0.112057   0.042945   0.099008  -0.048171
  18  -0.014878  -0.089096   0.023720  -0.090408  -0.297806  -0.216866  -0.086373  -0.403230  -0.072734  -0.079726  -0.128204  -0.223005  -0.358642  -0.359186  -0.099620   0.077991
  19  -0.435730  -0.027385  -0.031907   0.231092  -0.146549  -0.108431   0.293449  -0.260772  -0.104807   0.022061  -0.095697   0.024855  -0.433932  -0.076675   0.034456  -0.161606
  20  -0.504497   0.131633  -0.002327  -0.129179   0.090165   0.022482   0.097844   0.005085  -0.009538   0.009679  -0.350999  -0.064636   0.171114  -0.037520   0.236760  -0.000234
  21   0.020347  -0.026512   0.094505  -0.293009   0.071117   0.088005   0.014861   0.070215   0.237808  -0.093239   0.049736   0.225532  -0.040233  -0.016070   0.002855  -0.090032
  22  -0.154672  -0.025610  -0.108565   0.029030  -0.315670   0.003204  -0.176680   0.075193   0.075547   0.003358  -0.004376  -0.008709  -0.360548  -0.081318   0.152836  -0.089257
  23  -0.235150   0.052244   0.219293  -0.071677   0.038011  -0.002390  -0.076244   0.012607  -0.243588  -0.016653   0.515501  -0.329531  -0.039706  -0.005416  -0.045850   0.061689
  24   0.025567  -0.335863  -0.326479   0.384731  -0.003734  -0.005440   0.063318   0.019862  -0.041137   0.060839   0.003151   0.297651   0.005694   0.245597  -0.187467  -0.246592
  25   0.041258   0.012314  -0.010155   0.049849   0.145017   0.144502  -0.025194   0.108024  -0.077847   0.377640   0.043339  -0.342055   0.337978  -0.083985   0.009974   0.320566
  26   0.043878   0.174579  -0.094304   0.190344   0.032759  -0.045711   0.214350  -0.534718  -0.007696  -0.034458  -0.019093   0.037240   0.048606   0.213397   0.062055   0.006948
  27  -0.053415   0.021191  -0.008657   0.000475   0.429303  -0.514984  -0.539062   0.012114   0.078941  -0.279268  -0.122369   0.013113  -0.161376   0.116967  -0.212919   0.034500
  28  -0.205637  -0.048474   0.022637   0.384283   0.177617  -0.031537  -0.282962   0.390181  -0.139175  -0.063716   0.235306   0.535973  -0.046862   0.007090  -0.035435  -0.031558
  29  -0.122031  -0.059600  -0.199010   0.317761   0.072541  -0.000196   0.017746  -0.037038  -0.096422  -0.033192  -0.034039   0.050067   0.247057   0.030478  -0.246099  -0.192025
  30  -0.190841   0.085903  -0.060673  -0.109231  -0.056182   0.003231  -0.080308  -0.006493  -0.245540   0.002938   0.026363  -0.056510  -0.232367  -0.017152  -0.014255  -0.003569
  31  -0.076922   0.223068  -0.253858  -0.038585   0.014914  -0.147944  -0.053978  -0.064336  -0.106785   0.012976   0.352669   0.194432  -0.017104  -0.121435  -0.315598   0.374543
  32  -0.044156   0.046202  -0.097882   0.010361  -0.405921  -0.109034   0.116783  -0.133470  -0.485696  -0.093265   0.149705  -0.041638   0.090779  -0.380491  -0.277170  -0.021926
  33  -0.018618   0.142042  -0.052423  -0.204334  -0.164585  -0.012414   0.068055  -0.559268  -0.104943  -0.158655  -0.082929  -0.230149  -0.001456  -0.030214  -0.001224   0.127173
  34   0.030579   0.106492  -0.014746   0.027495  -0.140417  -0.077533  -0.028761   0.218353   0.161903   0.040960  -0.013308  -0.020859  -0.135777  -0.206967   0.146554  -0.372620
  35   0.307426   0.145951   0.247533  -0.230957   0.569860  -0.008476  -0.292050   0.204333   0.103285  -0.016759   0.047558   0.033714   0.119799  -0.063802   0.496309   0.242039
  36  -0.667460   0.155410  -0.284606   0.004780  -0.105007   0.000778  -0.113901  -0.116748  -0.058316   0.091940  -0.282972  -0.526538  -0.153703   0.051328  -0.542405   0.108307
  37  -0.313404  -0.058884  -0.125290   0.018898  -0.173730  -0.125953   0.032640  -0.228838   0.222283  -0.075772  -0.170738   0.204909   0.063030  -0.336311  -0.121307   0.086687
  38  -0.373472   0.211791  -0.263485  -0.158990  -0.042237  -0.221866   0.269166  -0.141262  -0.211018  -0.218250  -0.203737   0.036034   0.285322  -0.096362  -0.262047  -0.214960
  39  -0.293652  -0.196786   0.195737  -0.078684   0.087244  -0.235698   0.137530  -0.020922   0.100870  -0.210204  -0.009521  -0.166572  -0.105981   0.034691  -0.190203  -0.190352
  40  -0.088757  -0.367265  -0.289155  -0.170237   0.032936  -0.132864  -0.216910  -0.206053  -0.192762  -0.330037   0.366834   0.196103  -0.193757   0.169813  -0.383706  -0.064718
  41  -0.096674   0.017652   0.019262   0.019067  -0.426941  -0.267715  -0.249366  -0.114717  -0.286256  -0.112286  -0.093341  -0.211807  -0.476621  -0.460669  -0.135918  -0.166631
  42  -0.111902  -0.208226  -0.135080  -0.079802  -0.024282   0.268247  -0.245024   0.115495   0.018945   0.022600  -0.200417  -0.059460   0.000748   0.051605   0.033334   0.022902
  43  -0.043850  -0.000521  -0.003312  -0.016792  -0.357266   0.033789   0.052305   0.487363   0.263470  -0.005508  -0.255126   0.259122  -0.049429   0.017412   0.021850   0.134595
  44   0.387908  -0.239931  -0.066503  -0.042131   0.048984   0.007186   0.124325  -0.005836  -0.518703   0.124224   0.024020   0.008947   0.051348   0.263168   0.294009  -0.008525
  45   0.205766   0.435590   0.005452   0.210619   0.065317   0.193350   0.013204  -0.384435   0.192772   0.165717   0.127805  -0.155555  -0.108387   0.022063  -0.004387   0.001412
  46   0.112914  -0.310264   0.180715  -0.092603  -0.182244  -0.343161   0.017381   0.078145  -0.255400  -0.129243  -0.259745   0.018914   0.243545  -0.516936  -0.167160   0.012320
  47  -0.321104   0.288061  -0.236060  -0.139581  -0.436554  -0.282290  -0.141539  -0.156848  -0.168333  -0.366075  -0.213649  -0.234131  -0.242830  -0.248371   0.037315  -0.097477
  48  -0.252450  -0.129726  -0.182663  -0.040877  -0.247069  -0.289613   0.310769  -0.407214   0.039697  -0.320093  -0.203053  -0.283270  -0.097740  -0.004749  -0.230063  -0.151602
  49  -0.368254   0.045624  -0.261369  -0.262573  -0.213439  -0.315621  -0.043036  -0.337227  -0.136752  -0.186413  -0.400827  -0.110803  -0.064863  -0.269773  -0.325903  -0.302313
  50  -0.409693  -0.361164  -0.362410   0.130547  -0.325086  -0.244736   0.052620  -0.408143  -0.317817  -0.024218  -0.269943  -0.088748  -0.039509  -0.338570  -0.261485  -0.084533
  51  -0.149594  -0.323242  -0.442484  -0.325170  -0.568572  -0.288901  -0.160790  -0.245488  -0.116446  -0.017512  -0.155334   0.037214  -0.274183  -0.402568  -0.067540  -0.385679
  52  -0.149733  -0.122196  -0.311490  -0.111822   0.120650  -0.083204   0.016400   0.447569   0.086076  -0.172128  -0.180918  -0.326221   0.021568   0.012675  -0.014191  -0.042199
  53  -0.322262   0.767640   0.022686  -0.005470  -0.095250  -0.158979  -0.064261   0.011688   0.075027  -0.233524   0.311808  -0.038959   0.183855   0.228418  -0.148698  -0.055887
  54   0.295159  -0.166635   0.233099  -0.123541   0.050442  -0.411472   0.166562  -0.087294   0.116023   0.439704  -0.622366  -0.065577  -0.041510  -0.063686   0.016621   0.011149
  55   0.170222  -0.204310   0.307183  -0.037040  -0.416740   0.066046   0.317329  -0.065409   0.038024   0.063894   0.081653   0.017115  -0.114378  -0.114071  -0.174266   0.014769
  56  -0.055718  -0.108190  -0.095182  -0.179687  -0.415324  -0.108759   0.162734  -0.318019  -0.329410  -0.132451   0.005487  -0.057919  -0.000607   0.012385   0.013274  -0.024262
  57  -0.036625   0.109298  -0.064789   0.194078  -0.000121  -0.011376  -0.012507   0.062087   0.020690  -0.223654   0.197188  -0.119524  -0.007775  -0.493339  -0.187336  -0.356991
  58  -0.016394   0.121584  -0.004232  -0.012869  -0.115169   0.212252  -0.078030   0.461736   0.149613   0.150876  -0.020700  -0.147042  -0.140964   0.076659   0.061557   0.070719
  59  -0.013308  -0.174469   0.120063  -0.083073   0.135717  -0.088298   0.056210   0.065202  -0.002112  -0.006483  -0.097576   0.010613  -0.011811   0.678980  -0.055615  -0.062845
  60  -0.002692   0.004333  -0.058655   0.001478  -0.191482   0.021383   0.229772  -0.337797  -0.137376  -0.065980  -0.383813   0.096787   0.097607   0.007016   0.179603  -0.326373
  61  -0.031763   0.151483  -0.104881   0.296083  -0.002243   0.003609   0.121644   0.014992  -0.033912  -0.113541  -0.168477  -0.213238  -0.018366  -0.293466   0.026797   0.216726
  62   0.007024  -0.013692   0.104006   0.062274   0.057266   0.007083  -0.121589  -0.020326  -0.246688   0.127184  -0.205664   0.113160   0.389595   0.030233  -0.845448   0.013105
  63   0.071671   0.017396   0.031774  -0.034256   0.047365  -0.018542   0.132283   0.061449  -0.301480   0.097998  -0.210885   0.051178  -0.108749   0.076052   0.225807  -0.312474
  64  -0.050624   0.010648  -0.018502   0.610364   0.025813  -0.007524   0.017509  -0.098830   0.177893   0.130206   0.289133  -0.123955  -0.026191   0.031594   0.166627   0.111988
  65  -0.004040   0.028138   0.229232  -0.422841   0.070530  -0.007480   0.076113   0.046317  -0.003716   0.052619  -0.307813  -0.350467  -0.107308  -0.055634  -0.323666  -0.018150
  66   0.071826  -0.221992  -0.129263   0.113576   0.005154  -0.156354  -0.097098  -0.119929   0.071401  -0.338012   0.147750   0.186069   0.039587  -0.155819  -0.190064  -0.115009
  67  -0.146381  -0.029516  -0.158295   0.021833  -0.218023  -0.218419  -0.236583  -0.159710  -0.419756   0.513116  -0.131020  -0.118037  -0.231207  -0.535488  -0.145663  -0.086234
  68  -0.203658  -0.317701  -0.657735  -0.145427  -0.296858   0.190631  -0.311915  -0.006364  -0.388019  -0.080351  -0.569320  -0.150868  -0.272268  -0.256953  -0.285637   0.031429
  69  -0.229699  -0.030420  -0.291974  -0.090233   0.438840  -0.076440  -0.302419   0.537504   0.034513  -0.151479  -0.325832   0.064864  -0.379748  -0.308042   0.042746  -0.102481
  70  -0.349881  -0.227855  -0.134894  -0.288647  -0.300637  -0.306905  -0.036350  -0.145320   0.047726  -0.418802  -0.302548  -0.388361  -0.081880  -0.601696  -0.031206  -0.077349
  71  -0.555136   0.062088  -0.461125  -0.466161  -0.085556  -0.424965  -0.068401  -0.216796  -0.158968  -0.273823  -0.378455  -0.358331  -0.223061  -0.370985  -0.258533  -0.235662
  72  -0.211427  -0.009602  -0.566212   0.037260  -0.419486  -0.452039   0.070050  -0.523290  -0.254990  -0.225225  -0.462741  -0.120721  -0.163636  -0.309573  -0.471478  -0.042135
  73  -0.426138  -0.190581  -0.345176  -0.406124  -0.135391  -0.225894  -0.227086  -0.458941  -0.307235  -0.299454  -0.422636   0.060899  -0.242807  -0.383295  -0.104595  -0.509052
  74  -0.402532  -0.309895  -0.316222  -0.145831   0.070555  -0.328607  -0.316757  -0.172606  -0.601521  -0.401777  -0.494819  -0.257934  -0.104936   0.047533  -0.285840  -0.303763
  75  -0.104311  -0.061348  -0.052280  -0.156494   0.047402  -0.320643  -0.304426  -0.306144  -0.307499  -0.021769  -0.212859  -0.226818  -0.322344   0.029071  -0.090001  -0.168907
  76   0.039379  -0.232847  -0.011507  -0.174926  -0.310363  -0.019084  -0.084455  -0.364609  -0.280828  -0.435334  -0.633421  -0.063477  -0.312724  -0.318223  -0.333358   0.098630
  77  -0.154860  -0.138345  -0.201480   0.028405  -0.300650  -0.103852  -0.092652  -0.237128  -0.121062  -0.295826  -0.153823  -0.016293  -0.177238  -0.244813  -0.140845  -0.161010
  78  -0.296254  -0.241315  -0.149395  -0.160421  -0.171859  -0.307109  -0.131801  -0.282842  -0.299304  -0.523330  -0.161942  -0.518056  -0.005617   0.010360   0.016313  -0.004777
  79   0.162804  -0.589834  -0.028722   0.095523  -0.022990  -0.170866  -0.021178  -0.347047  -0.019051   0.002597   0.006088  -0.038345  -0.530200  -0.526105   0.009763  -0.205158
  80  -0.138870  -0.283066  -0.023089   0.244184  -0.455854   0.015004  -0.034143   0.157318  -0.025389  -0.022950   0.008524  -0.052474   0.125655  -0.015889  -0.044246  -0.442952
  81  -0.034582  -0.024805   0.138430  -0.281121  -0.030397  -0.020843   0.074379  -0.044759   0.003419   0.023984   0.004226   0.009957  -0.051950   0.061397   0.051947  -0.189679
  82   0.017558   0.054348  -0.005293   0.031610   0.220177  -0.178918   0.016539   0.198445  -0.053073   0.022546   0.029371  -0.394678   0.026149  -0.316977   0.010972   0.040161
  83   0.024150   0.169180  -0.241893   0.073085   0.005526   0.088890   0.446934   0.109510  -0.011204   0.026593   0.125052   0.022869   0.024681  -0.199158   0.261498  -0.194610
  84  -0.008395  -0.015289   0.005254   0.000335   0.028385   0.516907  -0.148092  -0.082121   0.127137  -0.127161   0.746106  -0.061190   0.036103  -0.162953  -0.130294  -0.181184
  85   0.062820   0.000244  -0.066263   0.021878  -0.242271   0.026461  -0.388011  -0.426884  -0.038899   0.008761  -0.158819   0.231634  -0.162021  -0.002561  -0.114416  -0.096730
