pos     val_AA     val_AC     val_AG     val_AT     val_CA     val_CC     val_CG     val_CT     val_GA     val_GC     val_GG     val_GT     val_TA     val_TC     val_TG     val_TT
   0  -0.077943   0.000000  -0.035940   0.109854  -0.082203  -0.057321   0.093552  -0.132538  -0.143503  -0.023876  -0.201474  -0.059101  -0.215188   0.086309  -0.052113  -0.049254
   1   0.000000  -0.016303   0.251526  -0.111223   0.000000   0.044480   0.439086   0.030594   0.000000   0.152704   0.109652  -0.078777   0.000000   0.005664  -0.008005  -0.070603
   2  -0.103647   0.000000  -0.035259  -0.040436  -0.197770   0.000000  -0.135277  -0.293411  -0.409607   0.000000  -0.398360  -0.215916  -0.083690   0.000000  -0.067646  -0.210539
   3  -0.181503   0.000000   0.101193  -0.195834  -0.161216   0.000000   0.142349  -0.151621  -0.005991   0.000000   0.092518  -0.142513   0.020485   0.000000  -0.039714  -0.066768
   4   0.000000   0.012240  -0.122305   0.246109   0.000000  -0.169414  -0.199381   0.047377   0.000000   0.061494  -0.018105   0.117397   0.000000  -0.035097  -0.225784  -0.069225
   5  -0.251301  -0.165710   0.000000  -0.188650  -0.105067  -0.044501   0.000000  -0.036334   0.166993  -0.080567   0.000000   0.002686  -0.298606  -0.242812   0.000000  -0.327085
   6   0.000000  -0.121615   0.145242   0.160485   0.000000   0.220165  -0.140649   0.001067   0.000000  -0.101770  -0.151072  -0.150735   0.000000   0.183117   0.014231   0.033615
   7  -0.240269   0.000000  -0.214385  -0.203900  -0.127962   0.000000   0.006496  -0.148777  -0.012011   0.000000   0.025858  -0.220648  -0.276472   0.000000  -0.176271  -0.063506
   8   0.000000  -0.211465  -0.129787   0.039607   0.000000  -0.180368   0.037793  -0.194145   0.000000  -0.023230   0.252435  -0.162857   0.000000   0.004974  -0.056459  -0.055094
   9   0.008921   0.234836   0.000000   0.210539  -0.030880   0.154869   0.000000   0.008119  -0.100057   0.213474   0.000000  -0.107408  -0.017923   0.072586   0.000000   0.047755
  10  -0.237432  -0.306514  -0.170194   0.000000  -0.361985  -0.435143  -0.416959   0.000000  -0.236399  -0.227884  -0.276834   0.000000  -0.081241  -0.400594  -0.344650   0.000000
  11  -0.103882  -0.096358   0.000000   0.054618   0.070782  -0.013846   0.000000   0.222163  -0.341733   0.111418   0.000000  -0.171837  -0.261337  -0.197220   0.000000  -0.055568
  12   0.000000  -0.219013   0.079141  -0.202603   0.000000  -0.245953  -0.096753  -0.147259   0.000000  -0.268056  -0.239448  -0.275804   0.000000  -0.362617   0.248459  -0.097733
  13  -0.347695   0.000000  -0.347889  -0.373473  -0.102445   0.000000  -0.242370  -0.238943  -0.512368   0.000000  -0.004990  -0.206211  -0.040988   0.000000  -0.085524  -0.215109
  14  -0.227907  -0.037699   0.000000  -0.222850  -0.301763  -0.387195   0.000000  -0.572031  -0.206734  -0.041505   0.000000  -0.077472  -0.065925  -0.152789   0.000000  -0.190604
  15  -0.212279  -0.190021  -0.050311   0.000000  -0.202910  -0.127579   0.026964   0.000000  -0.266781  -0.204181  -0.340607   0.000000   0.018583  -0.205132   0.107396   0.000000
  16  -0.080181   0.000000  -0.334115  -0.210946   0.249561   0.000000  -0.002967   0.129136  -0.147919   0.000000  -0.161772  -0.003958  -0.017962   0.000000  -0.122844  -0.185118
  17   0.000000  -0.138305  -0.093787  -0.022698   0.000000  -0.222132  -0.197984  -0.165143   0.000000  -0.046923  -0.051083   0.238190   0.000000  -0.000635  -0.173873  -0.065235
  18  -0.059707  -0.169275   0.000000  -0.139467  -0.165439  -0.328687   0.000000  -0.082504  -0.054913  -0.122194   0.000000  -0.072546  -0.117829  -0.345444   0.000000  -0.139098
  19  -0.216630   0.000000  -0.032289  -0.027739  -0.173443   0.000000   0.320301   0.042875  -0.211728   0.000000  -0.179709   0.005444  -0.157689   0.000000   0.070829  -0.106662
  20  -0.045650   0.059764  -0.032211   0.000000   0.049516   0.069328   0.037461   0.000000   0.086436   0.173258  -0.047895   0.000000   0.069051   0.132270   0.181561   0.000000
  21   0.051431   0.057993   0.000000  -0.081750  -0.154983   0.015717   0.000000  -0.030252   0.205205  -0.099723   0.000000  -0.229483  -0.045015   0.006571   0.000000  -0.078885
  22  -0.051380   0.000000  -0.030077  -0.017957  -0.047458   0.000000  -0.034518   0.095731   0.064199   0.000000  -0.028761   0.000647  -0.041761   0.000000   0.050850   0.059270
  23  -0.119511   0.000000   0.051347   0.048012  -0.045347   0.000000  -0.050777   0.022953  -0.138722   0.000000   0.184424  -0.171158  -0.074693   0.000000  -0.077730  -0.117227
  24   0.000000  -0.117019   0.085551   0.178456   0.000000  -0.008080   0.024255   0.043047   0.000000  -0.037987  -0.071561  -0.070652   0.000000  -0.040552  -0.199156   0.019440
  25   0.081173   0.070970   0.000000   0.066700   0.064458   0.101780   0.000000   0.115935  -0.058748   0.072900   0.000000   0.070114   0.186887   0.044743   0.000000   0.116211
  26   0.000000   0.010958  -0.216333   0.045628   0.000000  -0.043332   0.232334  -0.051946   0.000000  -0.012121  -0.033457   0.074997   0.000000  -0.063926  -0.058777  -0.112521
  27  -0.063654  -0.043800  -0.020900   0.000000   0.091985  -0.071984   0.090824   0.000000   0.252969  -0.091361   0.004822   0.000000  -0.041696  -0.089952  -0.361626   0.000000
  28  -0.090037   0.000000  -0.128099   0.063327   0.156019   0.000000   0.149373   0.109232   0.033275   0.000000  -0.079674   0.031918  -0.093894   0.000000  -0.055427  -0.023685
  29  -0.013944   0.000000  -0.032248   0.107638   0.117633   0.000000   0.034867  -0.064912   0.256973   0.000000  -0.059685   0.237003   0.246793   0.000000  -0.000301  -0.136018
  30  -0.337701   0.000000  -0.112327  -0.130423  -0.092387   0.000000  -0.108548  -0.038429  -0.106156   0.000000  -0.175013   0.153456   0.163238   0.000000   0.070492  -0.044558
  31   0.000000  -0.151400  -0.181043  -0.000695   0.000000  -0.183798   0.010498  -0.102472   0.000000  -0.107872  -0.090295   0.035403   0.000000  -0.108470   0.025945  -0.020239
  32  -0.090503   0.082013  -0.152954   0.000000  -0.089634   0.190506  -0.195625   0.000000  -0.238938  -0.120043  -0.188438   0.000000   0.088423  -0.057584  -0.218654   0.000000
  33   0.056266   0.135311   0.000000   0.057364   0.050159   0.038779   0.000000   0.040587  -0.009090   0.044693   0.000000   0.036118   0.008952   0.006292   0.000000   0.232054
  34   0.108914  -0.164171   0.000000  -0.028115  -0.012512  -0.067151   0.000000   0.058854   0.347439   0.041226   0.000000  -0.029083   0.027988  -0.035570   0.000000  -0.177882
  35  -0.062811   0.000000   0.034836  -0.226842   0.413101   0.000000   0.285350   0.110421   0.225485   0.000000   0.173708   0.120834   0.266369   0.000000   0.455079   0.352749
  36  -0.745434   0.000000  -0.413813  -0.464897  -0.272164   0.000000  -0.242615  -0.226056  -0.267077   0.000000  -0.669031  -0.527844  -0.470763   0.000000  -0.438788  -0.368518
  37   0.042926  -0.105912   0.000000  -0.269216  -0.329270  -0.278528   0.000000  -0.433473  -0.113965   0.000262   0.000000   0.128325  -0.054066   0.100355   0.000000  -0.186006
  38  -0.075844  -0.182261  -0.053835   0.000000  -0.284894  -0.163470  -0.116363   0.000000  -0.386575  -0.365529  -0.414115   0.000000   0.293900  -0.062204  -0.081323   0.000000
  39   0.032669   0.000000  -0.009096  -0.340711   0.047613   0.000000   0.114610  -0.030301  -0.027756   0.000000   0.083284   0.000900  -0.205016   0.000000  -0.342201  -0.426711
  40   0.000000  -0.254763  -0.151992  -0.157961   0.000000  -0.319728  -0.326091  -0.379709   0.000000  -0.116321  -0.020465   0.008574   0.000000   0.005030  -0.010077   0.007535
  41  -0.212622  -0.051005  -0.000811   0.000000  -0.237782  -0.092967   0.000332   0.000000  -0.114563  -0.140027   0.137785   0.000000  -0.032556  -0.043369   0.023914   0.000000
  42   0.000000  -0.002961   0.044247   0.075652   0.000000   0.073307   0.195445  -0.031740   0.000000  -0.027890  -0.162381  -0.040657   0.000000   0.053429   0.009557   0.041992
  43  -0.081481   0.000000  -0.034715  -0.066178  -0.127565   0.000000   0.059897   0.240741  -0.004893   0.000000  -0.251520  -0.049588  -0.089539   0.000000  -0.228219  -0.106741
  44   0.018795   0.009256  -0.035682   0.000000   0.086315  -0.005309   0.163540   0.000000  -0.029616   0.022891   0.016879   0.000000   0.231294   0.222005   0.251191   0.000000
  45   0.087389   0.305730   0.000000   0.133115  -0.100370  -0.124078   0.000000  -0.237907  -0.268157   0.195859   0.000000  -0.160210  -0.112410   0.132427   0.000000  -0.068166
  46   0.013998  -0.197846  -0.170674   0.000000  -0.504259  -0.542562  -0.454454   0.000000  -0.390158  -0.392419  -0.403553   0.000000  -0.198873  -0.344900  -0.252055   0.000000
  47  -0.110676  -0.120600   0.000000   0.027106  -0.323570  -0.129372   0.000000   0.141571  -0.479946   0.019264   0.000000  -0.111841  -0.506583  -0.424691   0.000000  -0.263272
  48   0.000000  -0.027062   0.027218  -0.144542   0.000000  -0.334093   0.250840  -0.302669   0.000000  -0.596668  -0.348115  -0.487257   0.000000  -0.406711  -0.026983  -0.376196
  49  -0.654978   0.000000  -0.503194  -0.549091  -0.068287   0.000000  -0.122895  -0.122485  -0.345407   0.000000  -0.394678  -0.370623  -0.138450   0.000000  -0.314121  -0.077907
  50  -0.025043   0.032319   0.000000  -0.222831  -0.545567  -0.553187   0.000000  -0.654599  -0.056898  -0.150801   0.000000  -0.124827   0.009654  -0.105172   0.000000  -0.393619
  51   0.010198  -0.262271  -0.164244   0.000000  -0.162253   0.086470  -0.052324   0.000000  -0.236436  -0.142714  -0.328973   0.000000   0.049156   0.090532   0.038327   0.000000
  52  -0.061687   0.000000  -0.118228  -0.045977   0.065335   0.000000   0.087602   0.177675  -0.100222   0.000000  -0.030793  -0.048122  -0.025519   0.000000  -0.112434  -0.232156
  53  -0.360680   0.265172  -0.021007   0.000000  -0.235160  -0.165277  -0.195259   0.000000   0.081962  -0.148605   0.122544   0.000000  -0.131278   0.154490   0.027568   0.000000
  54   0.400414   0.005380   0.306047   0.000000   0.105167  -0.182156   0.334621   0.000000   0.232460  -0.049472   0.218861   0.000000  -0.033057  -0.150297   0.066301   0.000000
  55  -0.053267   0.065316  -0.002928   0.000000  -0.008575  -0.058670  -0.058884   0.000000  -0.041997  -0.244044  -0.083332   0.000000  -0.173949  -0.125716  -0.175681   0.000000
  56  -0.031571   0.000000   0.099154   0.034801  -0.067900   0.000000   0.118665  -0.186301  -0.106703   0.000000  -0.296816   0.092700  -0.029258   0.000000   0.053182   0.015862
  57   0.000000  -0.105901  -0.008275   0.096835   0.000000  -0.053877  -0.061357   0.100523   0.000000  -0.034094  -0.049062  -0.089742   0.000000  -0.075561  -0.110449  -0.128927
  58  -0.001757   0.215722   0.000000  -0.000057   0.111187   0.235445   0.000000   0.152792   0.091109   0.237734   0.000000  -0.054784  -0.056712  -0.049116   0.000000  -0.101819
  59   0.000000   0.033980   0.027699  -0.020915   0.000000   0.101995  -0.315901  -0.120101   0.000000   0.034487  -0.109675   0.036257   0.000000   0.178983  -0.060014  -0.068940
  60  -0.074432   0.000000  -0.051029  -0.073316  -0.027619   0.000000   0.005046  -0.115924  -0.033471   0.000000   0.036848  -0.020021  -0.058885   0.000000   0.064975  -0.235511
  61   0.000000   0.221198   0.273891   0.096300   0.000000  -0.005147   0.203275   0.023555   0.000000  -0.029676   0.066562  -0.010185   0.000000  -0.052848   0.134512   0.052223
  62   0.056831   0.000000   0.226184   0.129118   0.042477   0.000000   0.295223   0.249758  -0.112570   0.000000   0.023101  -0.013933   0.049381   0.000000  -0.046903   0.265643
  63  -0.084000   0.000000   0.090299   0.110574   0.116761   0.000000   0.251729   0.128227  -0.270991   0.000000  -0.096932  -0.231453  -0.023764   0.000000   0.164924  -0.039198
  64  -0.140124   0.000000  -0.116945   0.022661   0.084189   0.000000   0.115033  -0.062571  -0.276664   0.000000   0.020369  -0.145942  -0.174478   0.000000   0.124910   0.099213
  65  -0.124088   0.000000  -0.069629  -0.047091   0.148170   0.000000   0.149801   0.100586   0.124844   0.000000  -0.095374  -0.096732   0.151449   0.000000  -0.273339  -0.018199
  66   0.000000  -0.401530  -0.434084  -0.345464   0.000000  -0.272275  -0.208433  -0.166040   0.000000  -0.316803  -0.332908  -0.366396   0.000000  -0.312924  -0.215797  -0.344346
  67  -0.313913  -0.098624  -0.322165   0.000000  -0.101308  -0.019062  -0.109137   0.000000  -0.297867   0.214273  -0.178290   0.000000  -0.302221  -0.046490  -0.108985   0.000000
  68  -0.289487  -0.258608  -0.111869   0.000000  -0.204804  -0.301344  -0.338890   0.000000  -0.132877  -0.207356  -0.147254   0.000000  -0.460555  -0.492219  -0.566443   0.000000
  69  -0.246921  -0.179052   0.000000   0.121124  -0.106607  -0.238573   0.000000   0.199146   0.077142  -0.077212   0.000000   0.143185  -0.617719  -0.570743   0.000000  -0.257434
  70   0.000000  -0.416319  -0.434188  -0.149955   0.000000  -0.605609   0.087169  -0.262595   0.000000  -0.788293  -0.555863  -0.655041   0.000000  -0.585370  -0.131502  -0.574154
  71  -0.947437   0.000000  -0.817051  -0.877340  -0.199230   0.000000   0.120387  -0.141381  -0.271896   0.000000  -0.448538  -0.516043  -0.251701   0.000000  -0.464315  -0.298682
  72  -0.343341  -0.088212   0.000000  -0.075831  -0.806088  -0.833840   0.000000  -0.981024  -0.172270   0.026615   0.000000  -0.103241   0.233242  -0.033372   0.000000  -0.302996
  73  -0.274464  -0.074633  -0.373349   0.000000  -0.136973  -0.196177  -0.223213   0.000000  -0.620705  -0.578388  -0.785938   0.000000   0.022787  -0.212032  -0.019931   0.000000
  74  -0.330084   0.000000  -0.291480  -0.036126   0.097421   0.000000  -0.028719  -0.335882  -0.056504   0.000000  -0.041004  -0.114471  -0.229231   0.000000  -0.562194  -0.597258
  75   0.000000  -0.099189  -0.220287  -0.107433   0.000000  -0.602976  -0.556342  -0.553993   0.000000  -0.101820   0.064200  -0.073904   0.000000  -0.015927  -0.064605  -0.094398
  76   0.000000  -0.408557  -0.092423  -0.337445   0.000000  -0.195546  -0.023590  -0.123289   0.000000  -0.078570   0.063664   0.085848   0.000000  -0.172144   0.340729   0.175254
  77  -0.275062  -0.209990  -0.366724   0.000000  -0.173731   0.007763  -0.169006   0.000000  -0.300711  -0.023029  -0.249691   0.000000  -0.224977  -0.287096  -0.335150   0.000000
  78  -0.213107  -0.061577   0.000000  -0.134402  -0.161058  -0.160490   0.000000   0.191901   0.063251  -0.121825   0.000000  -0.307881  -0.034394   0.004826   0.000000  -0.048656
  79  -0.073377  -0.114956   0.000000  -0.114476  -0.100891  -0.012685   0.000000  -0.130289  -0.042449   0.032990   0.000000  -0.004549  -0.206832  -0.324633   0.000000  -0.305378
  80  -0.162713  -0.128950   0.000000   0.083858  -0.326013   0.008292   0.000000  -0.061959  -0.032613  -0.003512   0.000000  -0.090280   0.021545   0.082999   0.000000  -0.185495
  81   0.000000   0.050535   0.010175  -0.088429   0.000000   0.037803  -0.050553   0.210420   0.000000   0.032213   0.019099  -0.012153   0.000000   0.020324   0.117940  -0.105691
  82   0.057702   0.055256   0.000000   0.096286   0.190109  -0.052028   0.000000   0.191146  -0.015071   0.048175   0.000000  -0.044657   0.006432  -0.099203   0.000000  -0.044854
  83   0.000000   0.118377  -0.071377   0.077945   0.000000   0.086337   0.344030  -0.028056   0.000000   0.137388   0.237505   0.030712   0.000000   0.260571   0.586677   0.257679
  84   0.000000   0.034733   0.058952   0.010580   0.000000   0.062335   0.009331   0.012316   0.000000   0.007814   0.465263  -0.084145   0.000000   0.001192  -0.021195  -0.061192
  85  -0.008141   0.000000  -0.068355  -0.048587  -0.087568   0.000000   0.007401  -0.273371  -0.127655   0.000000   0.042870   0.061785   0.097455   0.000000  -0.125952  -0.083403
