pos     val_AA     val_AC     val_AG     val_AT     val_CA     val_CC     val_CG     val_CT     val_GA     val_GC     val_GG     val_GT     val_TA     val_TC     val_TG     val_TT
   0   0.003545  -0.015277   0.008802  -0.015204   0.006299   0.002590   0.012924  -0.000358   0.004005  -0.004345   0.014453   0.005204  -0.006233  -0.012680  -0.004082   0.000359
   1   0.013101  -0.013979   0.004351   0.004144  -0.000783  -0.003603  -0.029963   0.004635   0.016167   0.003050   0.002282   0.010597   0.000984  -0.000146  -0.004312  -0.006525
   2   0.012589   0.012960   0.002563   0.001357  -0.008016   0.001823  -0.013671   0.005185  -0.006966  -0.039660   0.014295   0.004690   0.007935   0.004422   0.004802  -0.004309
   3   0.002058   0.005931  -0.005486   0.003039   0.008961  -0.013621  -0.021972   0.006177   0.014321   0.002096  -0.004784  -0.003643  -0.004485   0.006016  -0.001642   0.007034
   4   0.008084   0.006264  -0.000245   0.006753  -0.004550   0.013478   0.011240  -0.019746  -0.023419   0.004595  -0.008411  -0.006649   0.004313  -0.008228   0.011532   0.004990
   5   0.003233   0.000617  -0.017036  -0.002385   0.010342   0.009900  -0.004881   0.000748  -0.001257   0.002955   0.009412   0.003005   0.002181  -0.005364  -0.006795  -0.004675
   6   0.012682  -0.004536  -0.005021   0.011375   0.003183  -0.001170   0.002922   0.003173  -0.016183   0.001412   0.000659  -0.005187   0.008228  -0.015182   0.000711   0.002936
   7   0.013778  -0.012919   0.003358   0.003692  -0.000010  -0.009687  -0.006412  -0.003368  -0.002905   0.006382  -0.006975   0.002769   0.015182   0.005928  -0.012168   0.003354
   8   0.003325   0.013327   0.001642   0.007751  -0.026948   0.011656  -0.013673   0.018670   0.006448  -0.001250  -0.010297  -0.017097   0.003919  -0.000163  -0.015871   0.018562
   9   0.009256  -0.014235   0.010768  -0.019045   0.008028   0.004619   0.012770  -0.001848  -0.015607  -0.015609  -0.003745  -0.003238  -0.000999   0.005235   0.007467   0.016183
  10   0.005204  -0.009887   0.005200   0.000162  -0.001513  -0.002433   0.000066  -0.016110   0.017034   0.004224   0.010933  -0.004933  -0.020284   0.021337   0.006443  -0.015444
  11   0.007869   0.001611   0.007701  -0.016740  -0.015374   0.011800   0.013218   0.003597  -0.000658   0.003239   0.011801   0.008260   0.004962  -0.002736  -0.029084  -0.009466
  12   0.011838  -0.003347  -0.017728   0.006036   0.009737   0.010242  -0.004065  -0.001999  -0.017407   0.002085   0.007431   0.011527  -0.015568  -0.003494   0.003710   0.001002
  13   0.011143  -0.027289   0.001291   0.003454  -0.008877   0.012875  -0.000226   0.001714  -0.009093   0.008293   0.011214  -0.021067  -0.001083   0.006991   0.002594   0.008065
  14  -0.000565  -0.003054  -0.003020  -0.001271   0.003439   0.005458  -0.045186   0.037160   0.001892   0.002994   0.015246  -0.005258  -0.008375   0.001730   0.017216  -0.018404
  15  -0.000217   0.005052   0.001108  -0.009553  -0.004954  -0.001141   0.005399   0.007824   0.009475   0.000115   0.012348  -0.037682  -0.005732   0.007584   0.000432   0.009943
  16  -0.019017   0.002427   0.008646   0.006516   0.009395  -0.003204   0.003039   0.002380   0.009486   0.013648   0.000554  -0.004402  -0.009614  -0.017787  -0.010728   0.008661
  17  -0.023212   0.007952  -0.000876   0.006386  -0.020871   0.005749   0.006489   0.003717   0.003259   0.007628  -0.012021   0.002644  -0.000747   0.000860   0.013942  -0.000899
  18  -0.014910  -0.009198  -0.017411  -0.000051   0.009447   0.007899   0.004812   0.000030   0.010711   0.002425   0.004193  -0.009796   0.000949  -0.002825   0.004564   0.009160
  19   0.008901  -0.007792   0.004032   0.001055   0.001248   0.012124  -0.016873   0.001804   0.016851  -0.018649   0.015270  -0.017314   0.006908  -0.004689  -0.013411   0.010535
  20   0.024307  -0.003277  -0.001884   0.014763  -0.012164   0.002349  -0.010138   0.000948  -0.013162  -0.006221   0.007042   0.001359  -0.003309  -0.000187  -0.002523   0.002098
  21  -0.004009  -0.004655  -0.001484   0.005820  -0.000477   0.004088  -0.015407   0.004460  -0.004299   0.006727  -0.002019  -0.007913   0.007081   0.000163   0.001530   0.010394
  22   0.005600   0.008802  -0.010181  -0.005925   0.002227   0.004008   0.009010  -0.008921  -0.015403  -0.003661  -0.001003   0.002687   0.009403   0.002171   0.005736  -0.004550
  23   0.000741  -0.003214   0.006477  -0.002176  -0.000994  -0.000757   0.015795  -0.002725   0.002744   0.005708  -0.009724   0.004834  -0.008150  -0.001828  -0.008621   0.001891
  24   0.005304  -0.006112  -0.007679   0.002827  -0.001494   0.004272   0.003827  -0.006697  -0.001492  -0.000857   0.007616  -0.001340  -0.002949  -0.001871   0.003812   0.002832
  25  -0.009979  -0.001340   0.003912   0.006776   0.010505  -0.012718  -0.002618   0.000262  -0.007455   0.011244   0.000645   0.003142   0.000744   0.000816   0.001692  -0.005630
  26   0.005386  -0.012752   0.008948  -0.007767   0.005513  -0.002162  -0.006362   0.001014   0.007539   0.004304  -0.003934  -0.004278  -0.009351   0.006055  -0.013360   0.021207
  27   0.001254   0.005963   0.002601  -0.000731  -0.007645  -0.000904  -0.000614   0.004608  -0.002402  -0.004624  -0.008809   0.001127   0.000609   0.010288   0.001374  -0.002095
  28  -0.004437   0.005506   0.000707  -0.009959   0.009490   0.001711  -0.003054   0.002576  -0.011334  -0.004888   0.002718   0.008054   0.003134  -0.003513   0.006674  -0.003386
  29   0.002645   0.007770  -0.013916   0.000354  -0.007775   0.002461  -0.001860   0.005990  -0.000860   0.004941   0.001415   0.001550  -0.005197   0.002577  -0.003010   0.002915
  30  -0.002353  -0.010886  -0.002184   0.004235   0.008507   0.000544   0.013910  -0.005211   0.001368  -0.001859  -0.009255  -0.007625   0.002458   0.005566   0.003621  -0.000837
  31  -0.000380  -0.000445  -0.003644   0.014449  -0.008385   0.006128  -0.005868   0.001490  -0.003996   0.002725   0.010222  -0.002859   0.008479  -0.003806   0.000691  -0.014802
  32   0.013335  -0.013202   0.002254  -0.006670   0.006149  -0.008958  -0.007123   0.014534  -0.004753   0.009411   0.002385  -0.005642  -0.004208  -0.003793   0.005382   0.000898
  33  -0.001495  -0.001220   0.003274   0.009963  -0.007257   0.001557  -0.006043  -0.004799   0.006403   0.000851   0.014795  -0.019151   0.016148   0.003914  -0.000787  -0.016154
  34   0.012983  -0.001576  -0.006279   0.008672  -0.002552  -0.000407   0.003962   0.004098  -0.020641   0.004941   0.016378   0.010562  -0.012588   0.009150  -0.018997  -0.007705
  35  -0.007104  -0.023699   0.006768   0.001237  -0.007372   0.008456   0.000826   0.010199  -0.010394   0.012305  -0.002485  -0.004362   0.006824   0.013910  -0.011331   0.006224
  36  -0.002082  -0.022210  -0.002210   0.008455   0.008926   0.003973   0.003356  -0.005284   0.001763  -0.022159   0.003702   0.010472   0.017024  -0.006730  -0.012324   0.015327
  37  -0.012734   0.010446   0.016812   0.011106  -0.008172   0.001324  -0.040306   0.000029  -0.008838  -0.005816   0.013463  -0.006286   0.019954  -0.000677   0.010090  -0.000396
  38   0.001296  -0.018912  -0.003418   0.011245   0.014267   0.011472  -0.012375  -0.008086   0.014172   0.006217   0.014159  -0.034489  -0.014173  -0.002932  -0.002725   0.024283
  39   0.001396   0.012337   0.000966   0.000863   0.007252   0.010835  -0.006632  -0.015610  -0.016836   0.007038  -0.008161   0.013600   0.002264  -0.029492   0.008722   0.011459
  40  -0.014055   0.008300   0.004242  -0.004411  -0.036122   0.011603   0.008360   0.016877   0.008715   0.006105  -0.012957  -0.006969   0.018879  -0.010673  -0.005674   0.007779
  41   0.014836  -0.013357  -0.002565  -0.021497  -0.002718   0.007281   0.002206   0.008566   0.000030   0.002440  -0.013573   0.005073   0.004323   0.002972  -0.007569   0.013550
  42   0.013542   0.003529  -0.011399   0.010799   0.006374  -0.001524   0.000633  -0.006147  -0.005406  -0.005775  -0.000800  -0.009520   0.005288  -0.009448   0.005850   0.004002
  43   0.011529  -0.000618   0.002412   0.006476   0.001796  -0.002795  -0.002353  -0.009867  -0.003114   0.001990   0.007588  -0.012181  -0.010224  -0.000100  -0.011224   0.020684
  44   0.008109  -0.010798  -0.001414   0.004091  -0.000114   0.005098  -0.006040  -0.000466  -0.006696  -0.007261   0.009093   0.001288  -0.005241   0.011774  -0.009898   0.008476
  45   0.003968  -0.001825  -0.003674  -0.002411   0.001675  -0.001187   0.004647  -0.006324   0.003061  -0.011476  -0.011376   0.011530  -0.002467  -0.005767   0.015762   0.005861
  46   0.006713  -0.018319   0.010509   0.007334  -0.016796   0.010298   0.000772  -0.014528   0.009572   0.009315   0.010336  -0.023862   0.010870  -0.000007   0.001922  -0.004128
  47  -0.005443  -0.003234   0.021764  -0.002730  -0.000291  -0.005096   0.015636  -0.008962   0.015442  -0.003180   0.010670   0.000606   0.004298   0.007145  -0.044164  -0.002462
  48   0.025996  -0.003712  -0.005533  -0.002745   0.013530  -0.002888  -0.017462   0.002456  -0.039100   0.028907  -0.005356   0.019455  -0.012839   0.000764   0.004463  -0.005936
  49   0.026341  -0.050229  -0.000602   0.012077   0.000861   0.025516  -0.004577   0.001271  -0.008065   0.000247  -0.002026  -0.014042  -0.010850   0.008962   0.016388  -0.001269
  50   0.001509   0.002629   0.020004  -0.015855   0.018764   0.007405  -0.068201   0.026527   0.002678  -0.014798   0.003467   0.017835  -0.002481   0.006206   0.002811  -0.008499
  51   0.004636   0.009808   0.004151   0.001875   0.002647   0.005520  -0.015600   0.008873   0.002491  -0.011732   0.012963  -0.045641   0.002582  -0.002197   0.000790   0.018832
  52   0.015057  -0.002038   0.000630  -0.001292  -0.005047  -0.000783   0.014201  -0.006971  -0.005538   0.009732  -0.001514  -0.000376  -0.012608  -0.006224  -0.002216   0.004988
  53   0.002254  -0.002023  -0.002033  -0.006334   0.003221   0.009353   0.005397  -0.017286  -0.016080   0.015964   0.008492   0.002725   0.008448  -0.008654  -0.013188   0.009744
  54  -0.010187   0.000457   0.004912   0.002661  -0.002481   0.015663   0.004996  -0.003539  -0.006025  -0.007953  -0.004398   0.017044   0.000266   0.008097  -0.013706  -0.005807
  55   0.005186  -0.007425  -0.009435  -0.006753  -0.003666  -0.004180   0.016371   0.007739   0.004346   0.005341  -0.002774  -0.015109  -0.000061   0.004168   0.017763  -0.011510
  56  -0.004980   0.008164  -0.005269   0.007890  -0.002338   0.001874   0.003308  -0.004942   0.005657  -0.001744   0.019309  -0.001297  -0.002970  -0.007365  -0.018697   0.003400
  57   0.002155   0.002891  -0.002475  -0.007202  -0.001950   0.001988   0.003556  -0.002666  -0.003459  -0.005728  -0.006497   0.014336  -0.005869  -0.003236   0.016539  -0.002382
  58  -0.001805  -0.025441   0.007223   0.010899  -0.009565  -0.005584   0.006732   0.004333  -0.001619   0.005636   0.008457  -0.001350   0.001439   0.011838  -0.010628  -0.000564
  59   0.003245  -0.003616  -0.001174  -0.010005  -0.008405  -0.004946  -0.007369   0.007168   0.002335   0.004075   0.011282  -0.005907  -0.007778   0.001581   0.014520   0.004996
  60  -0.002605  -0.006806   0.001247  -0.002440   0.017994  -0.014616   0.007990  -0.014274  -0.005662   0.007701   0.007919   0.007300   0.005582   0.004397  -0.008952  -0.004775
  61   0.015989   0.003263  -0.004033   0.000091  -0.000673   0.010637  -0.012361  -0.006929   0.006613  -0.001762   0.006763  -0.003411  -0.002215  -0.003322  -0.005748  -0.002904
  62   0.011499   0.011627  -0.003703   0.000292  -0.000046  -0.003723   0.008059   0.004528   0.000737  -0.012412  -0.003114  -0.000591  -0.001058   0.009774  -0.005610  -0.016258
  63   0.003825   0.003938   0.005918  -0.002550  -0.000362   0.015218  -0.013567   0.003978  -0.001568  -0.012386  -0.000145   0.009731  -0.011838   0.000405   0.001751  -0.002348
  64   0.000141  -0.006334   0.002504  -0.006254  -0.004819   0.005972  -0.004645   0.010666  -0.006180  -0.017099  -0.002038   0.019274   0.014665  -0.009025  -0.003517   0.006687
  65   0.001098   0.005909  -0.000993  -0.002208  -0.013632   0.007849  -0.008110  -0.012593   0.010162  -0.009977  -0.005122  -0.002757   0.008591   0.008494   0.002438   0.010851
  66  -0.012293  -0.001329   0.001506   0.018335  -0.003982   0.018380  -0.003490   0.001366  -0.014772  -0.004397   0.014306  -0.006924  -0.011374   0.000384   0.004533  -0.000251
  67  -0.003240  -0.018439   0.007684  -0.028425   0.010125  -0.006775  -0.006879   0.016567  -0.001860   0.011171  -0.003102   0.010646   0.002530   0.003966   0.002688   0.003341
  68  -0.003635  -0.001733   0.005359   0.007565   0.004887  -0.000265   0.001982  -0.016680   0.004406  -0.004109  -0.003963   0.004058   0.008590   0.007401   0.021932  -0.035793
  69  -0.002939  -0.008954   0.013819   0.012321  -0.005428  -0.003439   0.018585  -0.008425  -0.003880   0.002667   0.017486   0.009035   0.016112   0.026778  -0.058111  -0.025628
  70   0.019281   0.004491  -0.013660  -0.006246   0.003251  -0.003461   0.020315  -0.003052  -0.050978   0.021310   0.010342   0.011104  -0.008471   0.002049  -0.009645   0.003371
  71   0.016611  -0.089855   0.020202   0.016126   0.005115   0.033103  -0.007975  -0.005853   0.001516  -0.005883   0.001330   0.010388   0.003578   0.009589  -0.000673  -0.007318
  72   0.010769   0.000841   0.025305  -0.010095  -0.004488   0.016285  -0.105600   0.040757   0.007765   0.001151   0.004677  -0.000710   0.014132  -0.007354   0.017182  -0.010618
  73   0.010468  -0.005653   0.010170   0.013193   0.011601  -0.007535  -0.010231   0.017088   0.000050   0.017566   0.015547  -0.091598  -0.001001   0.005649   0.000625   0.014062
  74   0.020541   0.020830  -0.009223  -0.011031   0.006562  -0.004115   0.012230  -0.004651  -0.021831   0.023521   0.010498   0.003923  -0.028313  -0.046468   0.007973   0.019554
  75  -0.016223   0.009610  -0.009970  -0.006458  -0.060248   0.022996   0.017878   0.013142   0.011273   0.001226  -0.001584   0.010563   0.012102  -0.012537   0.013218  -0.004988
  76  -0.046665   0.007073  -0.017368   0.003864   0.011964   0.017239  -0.000974  -0.006934   0.013341  -0.009189  -0.001076   0.016467   0.005634  -0.002685   0.000569   0.008741
  77  -0.001060   0.000667   0.015679  -0.031013  -0.003644   0.004686   0.003285   0.008111   0.004091   0.004319  -0.002624  -0.024636   0.005880  -0.000848   0.008984   0.008122
  78  -0.005657   0.005497   0.009918  -0.004491   0.001978   0.003607  -0.000339   0.003579  -0.000362   0.006630   0.016685   0.002371  -0.004967  -0.004001  -0.024247  -0.006200
  79  -0.012300   0.008744   0.000585  -0.006038   0.007513   0.001112  -0.011668   0.014776   0.002083  -0.003205   0.004230  -0.001091   0.014133  -0.004807  -0.000357  -0.013710
  80   0.011245   0.003155   0.007227  -0.010199   0.005079   0.003472  -0.003285  -0.003422  -0.009574  -0.001956  -0.006617   0.010938  -0.016741   0.002793   0.011801  -0.003916
  81   0.006639   0.004049  -0.016280  -0.004398   0.000653   0.010053  -0.002839  -0.000403  -0.000296  -0.010858   0.004184   0.016096   0.003132  -0.008419   0.000305  -0.001618
  82   0.007183   0.003334   0.009319  -0.009708  -0.005202  -0.002229   0.003780  -0.001524  -0.010633  -0.012902  -0.005750   0.014655   0.005008   0.011274  -0.003949  -0.002655
  83   0.001526   0.005171  -0.009326  -0.001014   0.001720   0.008200  -0.006627  -0.003816   0.012755  -0.005894  -0.007131   0.003669   0.000617  -0.005073  -0.000659   0.005883
  84   0.011174  -0.007244   0.006664   0.006023  -0.004766   0.005586   0.001532   0.000052  -0.021120  -0.000632  -0.000900  -0.001092   0.005968   0.007715  -0.000253  -0.008709
  85  -0.006972  -0.005015  -0.002376   0.005619   0.000043   0.000873   0.011612  -0.007104   0.009847  -0.001222  -0.011592   0.010010   0.001461   0.003353   0.006472  -0.015011
