pos      val_A      val_C      val_G      val_T
   0   0.000000  -0.072921  -0.045275   0.057178
   1  -0.131061   0.000000  -0.176275  -0.080277
   2   0.000000   0.021541   0.387459   0.000196
   3  -0.114686   0.000000  -0.045827  -0.061497
   4  -0.130419   0.000000   0.157712  -0.147321
   5   0.000000  -0.143582  -0.155134   0.034889
   6  -0.202125  -0.140718   0.000000  -0.179109
   7   0.000000  -0.059512  -0.091602  -0.123288
   8  -0.231677   0.000000  -0.187767  -0.200945
   9   0.000000  -0.185458   0.018891  -0.189805
  10  -0.004576   0.212185   0.000000   0.189601
  11  -0.210385  -0.218056  -0.263531   0.000000
  12  -0.228724  -0.179798   0.000000  -0.025099
  13   0.000000  -0.268553  -0.213683  -0.255517
  14  -0.298717   0.000000  -0.309934  -0.336095
  15  -0.290685  -0.372351   0.000000  -0.526591
  16  -0.278983  -0.171737  -0.320775   0.000000
  17   0.002946   0.000000  -0.101069  -0.144515
  18   0.000000  -0.217759  -0.200946  -0.146597
  19  -0.054236  -0.170539   0.000000  -0.140717
  20  -0.215933   0.000000  -0.121162   0.010769
  21   0.077896   0.071446   0.063426   0.000000
  22  -0.047437  -0.024032   0.000000  -0.081230
  23   0.054179   0.000000  -0.022349  -0.007213
  24  -0.042588   0.000000  -0.044894   0.001562
  25   0.000000  -0.007400   0.019475   0.059886
  26   0.069594   0.072056   0.000000   0.064576
  27   0.000000  -0.018563  -0.000547   0.053565
  28  -0.040274  -0.026380  -0.030702   0.000000
  29  -0.075292   0.000000  -0.034962  -0.014792
  30   0.094940   0.000000   0.012588  -0.030844
  31  -0.096589   0.000000  -0.111309  -0.033847
  32   0.000000  -0.171017  -0.014868  -0.087160
  33  -0.088718   0.065169  -0.162062   0.000000
  34  -0.014657   0.002059   0.000000   0.214908
  35   0.313353   0.040452   0.000000  -0.028759
  36   0.213034   0.000000   0.150609   0.092790
  37  -0.280322   0.000000  -0.250717  -0.227163
  38  -0.291808  -0.246436   0.000000  -0.373212
  39  -0.327774  -0.319623  -0.345091   0.000000
  40  -0.185340   0.000000  -0.291537  -0.372256
  41   0.000000  -0.308026  -0.313531  -0.348903
  42  -0.210562  -0.068313  -0.003415   0.000000
  43   0.000000   0.053051   0.001781   0.016235
  44  -0.084450   0.000000  -0.043359  -0.031489
  45   0.115349  -0.007185   0.164802   0.000000
  46  -0.078382   0.131664   0.000000  -0.057709
  47  -0.360421  -0.356393  -0.369247   0.000000
  48  -0.473505  -0.381202   0.000000  -0.229939
  49   0.000000  -0.541188  -0.287311  -0.450595
  50  -0.577255   0.000000  -0.434926  -0.472164
  51  -0.503850  -0.492390   0.000000  -0.578237
  52  -0.224808  -0.118208  -0.306941   0.000000
  53   0.005767   0.000000  -0.089414  -0.195062
  54  -0.200725  -0.118432  -0.154803   0.000000
  55   0.001228  -0.129955   0.097865   0.000000
  56  -0.154857  -0.132516  -0.160462   0.000000
  57  -0.043412   0.000000   0.052682  -0.006812
  58   0.000000  -0.043046  -0.052321   0.079227
  59   0.007712   0.199443   0.000000   0.008908
  60   0.000000   0.053462  -0.113603   0.019137
  61  -0.065907   0.000000  -0.053606  -0.086382
  62   0.000000   0.017020   0.176222   0.010313
  63   0.058293   0.000000   0.192521   0.102115
  64   0.081496   0.000000   0.231492   0.120769
  65   0.027848   0.000000   0.090378  -0.074397
  66   0.133832   0.000000   0.114049   0.083265
  67   0.000000  -0.290145  -0.203589  -0.182625
  68  -0.295523  -0.056233  -0.288312   0.000000
  69  -0.421899  -0.427433  -0.510967   0.000000
  70  -0.573351  -0.510825   0.000000  -0.215294
  71   0.000000  -0.715596  -0.484992  -0.612746
  72  -0.857306   0.000000  -0.727701  -0.790826
  73  -0.754044  -0.767331   0.000000  -0.891338
  74  -0.575075  -0.500836  -0.708343   0.000000
  75  -0.192838   0.000000  -0.497333  -0.531647
  76   0.000000  -0.545939  -0.522623  -0.488600
  77   0.000000  -0.394168  -0.085064  -0.317824
  78  -0.277334  -0.209738  -0.366550   0.000000
  79  -0.063892  -0.025486   0.000000  -0.073554
  80  -0.062541   0.011560   0.000000  -0.025159
  81  -0.046310   0.012107   0.000000  -0.074757
  82   0.000000   0.043813   0.022747  -0.014071
  83   0.040682   0.048453   0.000000   0.117420
  84   0.000000   0.153490   0.259091   0.029577
  85   0.000000   0.034060   0.076099   0.000402
  86  -0.019778   0.000000  -0.063550  -0.052040
