pos     val_AA     val_AC     val_AG     val_AT     val_CA     val_CC     val_CG     val_CT     val_GA     val_GC     val_GG     val_GT     val_TA     val_TC     val_TG     val_TT
   0  -0.189325   0.025064  -0.055633   0.243510   0.005346  -0.091800   0.063396  -0.186145  -0.031861   0.006339  -0.082383   0.032457  -0.306185   0.026230   0.050367  -0.054608
   1  -0.034833  -0.050164  -0.018438  -0.325753  -0.001683   0.006627   0.208336  -0.007112  -0.055270   0.038810  -0.392738  -0.342859   0.051385   0.230702  -0.383691  -0.135938
   2  -0.054260  -0.001771  -0.010546  -0.010513  -0.022481   0.047253  -0.408992  -0.411132  -0.243449   0.193406  -0.293916  -0.212138  -0.278721  -0.034223  -0.029317  -0.239545
   3  -0.138402  -0.074174   0.093428   0.032683  -0.085988   0.006827   0.087104  -0.052901   0.144741  -0.063954   0.423485   0.224725  -0.125623  -0.006211   0.132442  -0.439783
   4  -0.092445   0.058666  -0.229957   0.344235   0.004540  -0.074558  -0.051921   0.024214   0.092651  -0.076619   0.352272   0.203651  -0.049180   0.104802  -0.293134  -0.323633
   5  -0.127368  -0.057215   0.013016  -0.060328   0.091112  -0.197439  -0.078847   0.259120   0.268966  -0.071996  -0.059382  -0.145727  -0.567271  -0.250313   0.077938  -0.464204
   6  -0.141544  -0.211330   0.053644   0.134858  -0.077307   0.056205  -0.112157   0.145531   0.016698  -0.026677  -0.058698  -0.093358  -0.064465   0.104343  -0.270164  -0.006935
   7  -0.100493   0.019414  -0.129168  -0.112549   0.052359  -0.027776  -0.118454   0.068281   0.141160  -0.061433   0.179214  -0.608525  -0.277039  -0.058211  -0.138511  -0.156891
   8  -0.098301  -0.015541  -0.290800  -0.050519   0.023946  -0.080428  -0.018480  -0.101340  -0.143547   0.078886   0.498098   0.030054  -0.130029   0.207771   0.007291  -0.114052
   9  -0.019883   0.131106  -0.006547   0.109441  -0.187003  -0.003516  -0.059451  -0.029037   0.141397   0.017982  -0.003834  -0.243935  -0.140933  -0.142776  -0.079213  -0.275470
  10  -0.029885  -0.319788  -0.100338  -0.020534  -0.207839  -0.369972  -0.077471   0.142250  -0.160192  -0.069545  -0.102742   0.000624   0.377398  -0.067570  -0.156091   0.089677
  11  -0.011647  -0.226988  -0.125987  -0.174420   0.054685  -0.045674  -0.123782   0.272525  -0.220647   0.017036  -0.100973  -0.523323  -0.100894  -0.078306   0.021562   0.008239
  12  -0.082812  -0.444937   0.122590  -0.191241  -0.070761  -0.044780  -0.129486  -0.044922   0.017337  -0.095085  -0.093193  -0.134769   0.020500  -0.376930   0.131113  -0.322853
  13  -0.179156   0.025409  -0.165845  -0.173090  -0.149816  -0.115435  -0.351379  -0.234283  -0.265317  -0.073095  -0.069599  -0.001545  -0.413477  -0.152516   0.468217  -0.201196
  14  -0.231385  -0.065297  -0.191053  -0.078821  -0.109761  -0.160281   0.034670  -0.276924  -0.214621  -0.225308  -0.139890  -0.132561  -0.323104  -0.056850  -0.173357  -0.026482
  15  -0.167605  -0.283153   0.018699  -0.121747  -0.187711  -0.221724  -0.311224  -0.151656  -0.123641  -0.070740  -0.159098   0.031252  -0.365998  -0.152471  -0.167347  -0.264654
  16  -0.297898  -0.120424  -0.291596  -0.095012   0.278309  -0.129134  -0.031080   0.303923  -0.264137  -0.152090  -0.031939  -0.181880   0.016257   0.016018  -0.028578  -0.100295
  17   0.005881  -0.051180   0.030568   0.153356   0.014855  -0.077903  -0.096808  -0.127205  -0.048731  -0.308484  -0.037606   0.353143  -0.089142  -0.001797  -0.140444  -0.097343
  18  -0.016817  -0.078013   0.019679  -0.066794  -0.316016  -0.243842  -0.055855  -0.204083  -0.112169  -0.193966  -0.090633  -0.122617  -0.234537  -0.469750  -0.088015   0.076645
  19  -0.193083  -0.035519   0.156568   0.087990  -0.048706  -0.118749   0.372686  -0.124535  -0.113602   0.018979  -0.109486   0.017132  -0.260822  -0.055025   0.164942  -0.230708
  20  -0.474935   0.026056  -0.307679  -0.110246   0.062827   0.003850   0.068486   0.005217   0.033772   0.181903  -0.268675  -0.071171  -0.051294   0.020222   0.437582  -0.013763
  21   0.105902   0.017236   0.036943  -0.172300   0.028595   0.216307   0.004482  -0.047871   0.379665  -0.136272   0.061139   0.105956  -0.030546  -0.035241   0.004198  -0.079714
  22  -0.130836  -0.001050  -0.263724  -0.077778  -0.172694  -0.014414  -0.153620   0.103110   0.051539   0.004454   0.001595  -0.012350  -0.335698  -0.076855   0.105031   0.012442
  23  -0.286014   0.027134   0.281423  -0.029558   0.016599   0.000999  -0.061861   0.004637  -0.356620  -0.008554   0.502321  -0.394150   0.061431  -0.013374  -0.050985  -0.014051
  24  -0.011763  -0.347261   0.115676   0.407277   0.000111  -0.016319   0.003340   0.034119  -0.011598  -0.013027  -0.116087   0.040790   0.009091  -0.046934  -0.269183  -0.204382
  25   0.006617   0.005968  -0.003502   0.035172   0.032325  -0.049986  -0.030531  -0.049465  -0.017431   0.265430  -0.001505  -0.370959   0.187841   0.072821   0.015074   0.349811
  26   0.028157  -0.165445  -0.190433   0.018705   0.011944  -0.109869   0.356916  -0.313546  -0.003324  -0.009403  -0.062036   0.042025   0.029510   0.085023   0.305223  -0.093841
  27  -0.044528   0.007518  -0.008695   0.001721   0.189903  -0.267234  -0.245274  -0.005748  -0.097366  -0.233029   0.041911  -0.002075  -0.288940   0.132873  -0.229132   0.023222
  28  -0.210122  -0.052547   0.186000   0.149156   0.195618  -0.031782  -0.080927   0.377476  -0.254467  -0.027305   0.163521   0.376634  -0.055146   0.006908  -0.034327  -0.041162
  29  -0.016472  -0.072660  -0.149430   0.322792   0.047200   0.002742   0.028183  -0.052747   0.130162  -0.037403  -0.086886   0.171428  -0.013816   0.011978  -0.338788  -0.135707
  30  -0.271999   0.067924  -0.314882  -0.070820  -0.053257   0.005063  -0.062630  -0.037250  -0.204216  -0.009461   0.298876   0.107646  -0.246874  -0.036979   0.143955  -0.040843
  31  -0.069227   0.044934  -0.306995  -0.036819   0.010468  -0.087864  -0.021374  -0.020122  -0.069313  -0.120525   0.265721   0.190661  -0.027223  -0.146337  -0.426054   0.130683
  32  -0.031738   0.059394  -0.099802   0.006377  -0.320429  -0.264671  -0.163227  -0.079742  -0.256443   0.010571   0.227971  -0.038355  -0.015598  -0.480979  -0.122943   0.009504
  33  -0.045384   0.213657  -0.043326  -0.086130  -0.097705   0.057369   0.061622  -0.417204   0.040161  -0.162207  -0.080988  -0.074167  -0.025251  -0.030172  -0.000985   0.120010
  34   0.028915   0.142646  -0.026936  -0.153699  -0.364870  -0.121449  -0.014087   0.219157   0.203334   0.031333  -0.013963  -0.039147  -0.010357   0.120377   0.119407  -0.197365
  35   0.217432   0.190159   0.212739  -0.300964   0.473320   0.017281  -0.075295  -0.003558   0.089332  -0.017159   0.063977   0.029017   0.164615  -0.060962   0.083570   0.157297
  36  -0.736409   0.135590  -0.083327  -0.056944  -0.112764   0.002364  -0.096145  -0.100670  -0.033005   0.091222  -0.158170  -0.454330   0.094426   0.024033  -0.294264  -0.002295
  37   0.038091  -0.168554  -0.129331   0.055652  -0.138854  -0.113049   0.028088  -0.208328  -0.080059  -0.001658  -0.121662   0.219875   0.113780  -0.307106  -0.108511   0.021539
  38  -0.239614   0.143682  -0.188002  -0.124677  -0.230199  -0.265395   0.286173  -0.120836  -0.168252  -0.171629  -0.192097   0.032115   0.321902   0.016843  -0.121096  -0.201583
  39  -0.312382  -0.153863   0.013729  -0.086217   0.132902  -0.198325   0.154206   0.148497   0.113921  -0.180937   0.034931  -0.213812  -0.099117   0.029569  -0.147730  -0.166304
  40  -0.086511  -0.288866  -0.218880  -0.125400   0.030130  -0.137576  -0.168521  -0.192809  -0.147959  -0.129209   0.075660   0.382983  -0.171537   0.260530  -0.373743  -0.144803
  41  -0.103808   0.020480   0.027727   0.018054  -0.250760  -0.138188  -0.200191  -0.122921  -0.205029  -0.172258  -0.039626  -0.175035  -0.338249  -0.486763  -0.255193  -0.154576
  42  -0.114786  -0.098361  -0.062612  -0.083608  -0.027795   0.347326  -0.164261   0.154319   0.018510  -0.012378  -0.003997   0.008052   0.001634   0.045755  -0.002615   0.016037
  43  -0.029432  -0.000250   0.006403  -0.025854  -0.146261   0.025852   0.148710   0.612458   0.103946  -0.019845  -0.143657   0.190050  -0.142162   0.017985  -0.171795   0.194418
  44   0.221027  -0.107239  -0.213963  -0.028543   0.020635  -0.012315   0.129264  -0.003968  -0.455810  -0.016207  -0.058700   0.020395   0.322718   0.274579   0.431600  -0.041202
  45   0.290981   0.126736  -0.002192   0.249915  -0.083764  -0.160000   0.013199  -0.156269   0.063118   0.118104   0.132772  -0.121729  -0.085727   0.041671  -0.003109  -0.030954
  46   0.324710  -0.139536   0.059332  -0.086328   0.050584  -0.294216  -0.039444   0.055820  -0.233220  -0.128444  -0.186782   0.016923   0.287811  -0.425187  -0.182655  -0.011331
  47  -0.385986   0.137628  -0.179349  -0.100588  -0.305861  -0.142305  -0.144653   0.065508  -0.320375  -0.333696  -0.155698  -0.238581  -0.206601  -0.203234   0.031967  -0.099794
  48  -0.219823  -0.145290  -0.116980  -0.153672  -0.210780  -0.234525   0.324492  -0.308944   0.034467  -0.253795  -0.112433  -0.211511  -0.086388  -0.120972  -0.217479  -0.221927
  49  -0.298026   0.037150  -0.189088  -0.225730  -0.207514  -0.256063   0.078226  -0.252789  -0.043528  -0.110215  -0.298896   0.161213  -0.233314  -0.207448  -0.205898  -0.244703
  50  -0.162149  -0.193474  -0.305140   0.110269  -0.265446  -0.222781   0.045831  -0.337855  -0.169814  -0.070770  -0.189686  -0.094860  -0.110736  -0.148510  -0.224184   0.041210
  51  -0.070095  -0.242792  -0.174229  -0.266502  -0.422277  -0.212786  -0.190519  -0.219532  -0.067733  -0.043607  -0.101192   0.033413  -0.501955  -0.319042  -0.047070  -0.306111
  52  -0.242945  -0.069027  -0.250625  -0.266010  -0.099090  -0.080432  -0.040990   0.372021   0.256268  -0.136898  -0.054790  -0.144894   0.023805   0.010533  -0.009776  -0.070509
  53  -0.159345   0.740944  -0.192379   0.000220  -0.079284  -0.114338  -0.060073   0.010293   0.109160  -0.164838  -0.107081  -0.020811   0.069860   0.118316  -0.223057  -0.070922
  54   0.304522   0.030340   0.258545  -0.109124  -0.093418  -0.250534   0.147911  -0.062733   0.099997   0.333224  -0.346999  -0.084592  -0.043604  -0.056045   0.022587   0.010206
  55   0.219409  -0.029001   0.124314  -0.042497  -0.280424  -0.076201   0.125423  -0.050312   0.309584  -0.119210   0.128818   0.022730  -0.080363  -0.101791  -0.123508   0.011239
  56   0.078750  -0.067856  -0.095749  -0.011091  -0.358255  -0.092525  -0.051961  -0.212924  -0.392387  -0.090949  -0.231449   0.024265  -0.009552   0.007698   0.045613  -0.009284
  57  -0.013710   0.044682  -0.271268  -0.106320  -0.000416  -0.013933  -0.022140   0.039207   0.035893   0.066263   0.198907  -0.235315   0.012440  -0.420625  -0.203731  -0.230068
  58  -0.015843   0.113790  -0.001928  -0.025158  -0.106801   0.076197  -0.052259   0.333150   0.284250   0.213264  -0.054122  -0.209583  -0.138142  -0.038250   0.029137  -0.009963
  59  -0.020909  -0.150621   0.280461   0.105011   0.120873   0.161514  -0.111984   0.009811   0.000159  -0.040467  -0.091524  -0.006806  -0.036827   0.473194   0.130198  -0.058583
  60  -0.040529   0.005642  -0.004515  -0.024235   0.004817  -0.001948   0.155627  -0.546087  -0.063039  -0.069062  -0.187666   0.459861  -0.144934   0.007426  -0.014084  -0.151690
  61  -0.073716   0.353728  -0.020094   0.137052   0.001129  -0.009253   0.101376  -0.015016   0.014485  -0.052920  -0.207662  -0.198087  -0.047411  -0.161609   0.017045   0.160353
  62   0.021369  -0.009476   0.091059   0.047479  -0.058864   0.007768  -0.146909   0.096015  -0.181330   0.099285  -0.201138   0.084149   0.010633  -0.001847  -0.460504   0.179845
  63  -0.115875   0.023114  -0.060966  -0.060637   0.042504  -0.013988   0.124568   0.045601  -0.115802   0.089450  -0.354784  -0.135059   0.215263   0.057238   0.126011  -0.208398
  64   0.018756   0.037178  -0.241162   0.480859   0.008809  -0.005529   0.015817  -0.068265   0.036017   0.119565   0.259965  -0.165764  -0.110017   0.015419   0.154638   0.180034
  65  -0.052039   0.002269   0.209784  -0.100239   0.071366  -0.006041   0.070988   0.045866   0.064410   0.044781  -0.308374  -0.434450   0.221996  -0.048578  -0.214097  -0.195773
  66   0.099855  -0.295516  -0.303083  -0.114336   0.002659  -0.139262  -0.072305  -0.079682   0.075792  -0.345691  -0.021589   0.108176   0.039107  -0.024647  -0.159791  -0.162392
  67  -0.133093  -0.022924  -0.133958   0.018750  -0.197390  -0.163606  -0.146154  -0.142459  -0.428547   0.411673  -0.137078  -0.095558  -0.212417  -0.216701  -0.094142  -0.068940
  68  -0.122967  -0.116965  -0.473160  -0.130189  -0.130908   0.067097  -0.301264  -0.006719  -0.276029  -0.140474  -0.372150  -0.131735  -0.221385  -0.219513  -0.251840   0.026637
  69  -0.196754  -0.033724  -0.238764   0.037664   0.185993  -0.198996  -0.229328   0.146334   0.026100   0.085057  -0.293088   0.019446  -0.293096  -0.248333   0.037656  -0.109451
  70  -0.277994  -0.092777  -0.183548  -0.179393  -0.253095  -0.241186   0.099119   0.056907   0.042936  -0.356941  -0.251178  -0.313489  -0.097644  -0.527544  -0.016056  -0.079697
  71  -0.408402   0.051275  -0.364832  -0.374229  -0.111687  -0.365638  -0.093339  -0.092038  -0.088708  -0.218660  -0.175509  -0.369700  -0.214027  -0.298313  -0.123799  -0.114769
  72  -0.198321  -0.210051  -0.413445   0.077512  -0.373918  -0.368408   0.060738  -0.427816  -0.160812  -0.069085  -0.363696  -0.126308   0.025274  -0.151010  -0.378084  -0.180947
  73  -0.403789  -0.066825  -0.313018  -0.363307  -0.021960  -0.360386  -0.099880  -0.372042  -0.276537  -0.244486  -0.365862   0.054692  -0.058368  -0.310082  -0.093195  -0.423095
  74  -0.347068  -0.277312  -0.126045  -0.045889   0.042062  -0.277559  -0.142603  -0.159605  -0.299091  -0.353834  -0.167405  -0.230332  -0.076151   0.040350  -0.263872  -0.262811
  75  -0.076922  -0.015561  -0.035845  -0.059842   0.040143  -0.268641  -0.257304  -0.245159  -0.276241   0.152397  -0.129293  -0.244808  -0.274537  -0.064424  -0.098297  -0.217194
  76   0.034138  -0.189074  -0.035286  -0.143071  -0.256472  -0.136906  -0.011546  -0.147000  -0.238958  -0.288911  -0.315036  -0.193435  -0.259322  -0.188832  -0.033394   0.008111
  77  -0.105345  -0.140626  -0.133898   0.023560  -0.274947  -0.129008   0.030681  -0.197705  -0.152039  -0.061551  -0.183754  -0.027746  -0.062855  -0.165474  -0.261552  -0.136896
  78  -0.323956  -0.229562  -0.095922  -0.172347  -0.247014  -0.451772  -0.128824   0.160056  -0.156129  -0.373797  -0.111649  -0.383792  -0.001254   0.023195   0.013123  -0.038486
  79   0.128468  -0.331240  -0.031367   0.095041  -0.147836  -0.089420   0.003143  -0.249262  -0.056239   0.020544   0.005600  -0.015091  -0.431519  -0.548363  -0.003687  -0.339739
  80  -0.072508  -0.432440  -0.065216   0.402095  -0.518028  -0.005297   0.006453   0.059193  -0.005828  -0.000270   0.006115  -0.038795   0.051917   0.253931  -0.028462  -0.465806
  81  -0.016211  -0.120571  -0.237241   0.068124  -0.010959  -0.171626   0.013080   0.283614   0.000401   0.058461   0.009040  -0.004707  -0.036764  -0.000894   0.031186  -0.279601
  82   0.019783   0.061524  -0.006328   0.030450   0.415556  -0.118243   0.030167   0.130474  -0.018075  -0.012650   0.009113  -0.238748   0.184509  -0.240379   0.015107   0.004560
  83   0.049570   0.090529  -0.240832   0.069862   0.021602   0.217976   0.305650  -0.026623  -0.010675   0.048528   0.097875  -0.004299   0.005121  -0.012852   0.350371   0.009495
  84  -0.008133   0.011550   0.023887   0.001569   0.030266   0.706862   0.165869   0.076347   0.100666  -0.067458   0.848991  -0.001447   0.005371   0.094922  -0.265350  -0.056399
  85   0.049243  -0.001360  -0.033672  -0.022458  -0.268101   0.073380  -0.193952  -0.330376   0.054733   0.036547  -0.029914   0.062429   0.151446   0.010845  -0.287727  -0.144720
